7.2,1.4927312741714454e-10
7.21,3.158090010659697e-10
7.22,6.612334435131408e-10
7.23,1.038357797139236e-09
7.24,1.2810625187144554e-09
7.25,1.7241891434366965e-09
7.26,2.2059898835211884e-09
7.27,2.5440566295128147e-09
7.28,3.106753449417345e-09
7.29,3.7164467725140134e-09
7.3,4.172960960296211e-09
7.31,4.881334556565398e-09
7.32,5.646604883304214e-09
7.33,6.249236923884731e-09
7.34,7.134331939433781e-09
7.35,7.848873333701215e-09
7.36,8.869878455036734e-09
7.37,9.968508047129193e-09
7.38,1.1149703195980341e-08
7.39,1.2149944812185046e-08
7.4,1.3505688682333131e-08
7.41,1.4960337951731184e-08
7.42,1.622551468045841e-08
7.43,1.7889722697556084e-08
7.44,1.9672070705793176e-08
7.45,2.1257138048659208e-08
7.46,2.3290079329884824e-08
7.47,2.5118689198991884e-08
7.48,2.743335188215391e-08
7.49,2.990577998431761e-08
7.5,3.254524574849389e-08
7.51,3.4975189579563836e-08
7.52,3.7969638277338174e-08
7.53,4.1161855076667915e-08
7.54,4.414082420953443e-08
7.55,4.775358192418119e-08
7.56,5.1599782646587195e-08
7.57,5.523104469503294e-08
7.58,5.957383274737616e-08
7.59,6.419143196744088e-08
7.6,6.859505909223132e-08
7.61,7.379741691395993e-08
7.62,7.932242164725856e-08
7.63,8.463755836606677e-08
7.64,9.084911274424634e-08
7.65,9.743839589162544e-08
7.66,1.0382566118114101e-07
7.67,1.11218744700013e-07
7.68,1.190529119493215e-07
7.69,1.2669738965638322e-07
7.7,1.3547006107918733e-07
7.71,1.4475646734749797e-07
7.72,1.5387072537817236e-07
7.73,1.6424994765775258e-07
7.74,1.752259631337485e-07
7.75,1.8605345517167933e-07
7.76,1.9829858880201818e-07
7.77,2.112352348290605e-07
7.78,2.2405398979506617e-07
7.79,2.384606225777654e-07
7.8,2.5366653002319767e-07
7.81,2.687932418706148e-07
7.82,2.8569741665276474e-07
7.83,3.0352308807259283e-07
7.84,3.2131741208741015e-07
7.85,3.411001095749247e-07
7.86,3.6194263628382883e-07
7.87,3.82812070441648e-07
7.88,4.059040994636095e-07
7.89,4.302120922483744e-07
7.9,4.546169874807039e-07
7.91,4.815042717414304e-07
7.92,5.097832543816204e-07
7.93,5.382423123444085e-07
7.94,5.694714892765241e-07
7.95,6.022896641907626e-07
7.96,6.353858163854542e-07
7.97,6.71570198599057e-07
7.98,7.095646023472215e-07
7.99,7.47951147135731e-07
8.0,7.897770828686968e-07
8.01,8.336601592106545e-07
8.02,8.780674632580495e-07
8.03,9.263017104297363e-07
8.04,9.751476614637264e-07
8.05,1.0281111057303771e-06
8.06,1.0836070547965763e-06
8.07,1.1417409930664912e-06
8.08,1.2007253012477732e-06
8.09,1.2644305847601874e-06
8.1,1.3291016400738868e-06
8.11,1.39884430715222e-06
8.12,1.4718102592400795e-06
8.13,1.548128724067876e-06
8.14,1.6257188380592158e-06
8.15,1.7091059669549074e-06
8.16,1.7962595817484314e-06
8.17,1.8849371715448038e-06
8.18,1.9800266189482596e-06
8.19,2.0793387770958554e-06
8.2,2.1804562109577324e-06
8.21,2.2886558575508396e-06
8.22,2.401579051325935e-06
8.23,2.5166229890340342e-06
8.24,2.639480001213835e-06
8.25,2.76760844978594e-06
8.26,2.8982066906781816e-06
8.27,3.0374127297105393e-06
8.28,3.1824905341878107e-06
8.29,3.330425747056066e-06
8.3,3.4878296474883276e-06
8.31,3.651759001458586e-06
8.32,3.818974006073848e-06
8.33,3.9965918638430136e-06
8.34,4.181446150729994e-06
8.35,4.370054964094781e-06
8.36,4.5700777972952294e-06
8.37,4.774166089893658e-06
8.38,4.990410157430479e-06
8.39,5.2152145326816475e-06
8.4,5.448866347101373e-06
8.41,5.6873483602122426e-06
8.42,5.939508027837805e-06
8.43,6.201420939561246e-06
8.44,6.468775908789568e-06
8.45,6.751072661763384e-06
8.46,7.044098929926941e-06
8.47,7.343231265293752e-06
8.48,7.658663867043329e-06
8.49,7.985875590491143e-06
8.5,8.31991300996819e-06
8.51,8.671706349350311e-06
8.52,9.036408533247407e-06
8.53,9.408711944562239e-06
8.54,9.800329665499522e-06
8.55,1.0206068188582714e-05
8.56,1.0620242269527697e-05
8.57,1.1055396864891988e-05
8.58,1.1505969196556641e-05
8.59,1.1965873488358634e-05
8.6,1.2448535879186652e-05
8.61,1.2941120515822194e-05
8.62,1.3457759186218062e-05
8.63,1.399217160532662e-05
8.64,1.4544863244760101e-05
8.65,1.5108871372419282e-05
8.66,1.569955538089715e-05
8.67,1.6310086682711554e-05
8.68,1.6933033763294788e-05
8.69,1.758479630465469e-05
8.7,1.825807659047683e-05
8.71,1.8944943698322334e-05
8.72,1.966289364596207e-05
8.73,2.040414109559272e-05
8.74,2.116020981397655e-05
8.75,2.1949771658630606e-05
8.76,2.2764513963233234e-05
8.77,2.359538556942087e-05
8.78,2.446230830445717e-05
8.79,2.5346209637298997e-05
8.8,2.626800654896768e-05
8.81,2.721835630194392e-05
8.82,2.819798177387708e-05
8.83,2.9196602121447943e-05
8.84,3.023680684554245e-05
8.85,3.1296957176731084e-05
8.86,3.240075223128565e-05
8.87,3.353758781353675e-05
8.88,3.4708255341759774e-05
8.89,3.5901112658496675e-05
8.9,3.714171876260698e-05
8.91,3.841862924396679e-05
8.92,3.971945034938297e-05
8.93,4.1071351872580424e-05
8.94,4.246215196512559e-05
8.95,4.3878681942315885e-05
8.96,4.5349795422167045e-05
8.97,4.686253520755614e-05
8.98,4.840291798777016e-05
8.99,5.000155717738204e-05
9.0,5.164470526692063e-05
9.01,5.331748834885819e-05
9.02,5.505241351848212e-05
9.03,5.683484165885257e-05
9.04,5.864902510337372e-05
9.05,6.052939807687634e-05
9.06,6.246044333472105e-05
9.07,6.442545429249713e-05
9.08,6.646090875606215e-05
9.09,6.855036584929826e-05
9.1,7.067609158268776e-05
9.11,7.287674133697206e-05
9.12,7.51151406732751e-05
9.13,7.743168303011399e-05
9.14,7.980811705241558e-05
9.15,8.224565928471705e-05
9.16,8.472446680795495e-05
9.17,8.728777719952137e-05
9.18,8.991602323446436e-05
9.19,9.258820967787223e-05
9.2,9.535003528155914e-05
9.21,9.818080290469784e-05
9.22,0.00010105831262661379
9.23,0.00010403084007930402
9.24,0.00010707650885071845
9.25,0.00011017185839859155
9.26,0.00011336785670484456
9.27,0.00011664139647416185
9.28,0.00011996769614030062
9.29,0.00012340054109311952
9.3,0.00012691553573089136
9.31,0.00013048651952419924
9.32,0.00013417022833961284
9.33,0.00013794089302993952
9.34,0.00014177096390938565
9.35,0.0001457202002242916
9.36,0.00014973100873470744
9.37,0.0001538656712637571
9.38,0.0001580958125728757
9.39,0.00016242324943071447
9.4,0.000166817422161352
9.41,0.00017134458055535236
9.42,0.0001759745502964136
9.43,0.0001806752184383247
9.44,0.00018551625320984826
9.45,0.00019046591315750397
9.46,0.00019549038416116833
9.47,0.00020066298460716018
9.48,0.00020595026921644728
9.49,0.00021131673554464686
9.5,0.0002168393804921697
9.51,0.0002224831178375122
9.52,0.00022821059610959264
9.53,0.0002341027031919741
9.54,0.0002400814839054714
9.55,0.00024623101923917673
9.56,0.00025251290329749777
9.57,0.00025892952879839795
9.58,0.0002654398220925249
9.59,0.00027213279936343917
9.6,0.00027892266415823435
9.61,0.00028590185956455015
9.62,0.0002930281959688683
9.63,0.000300304261517927
9.64,0.0003076849981870605
9.65,0.00031526806486035673
9.66,0.00032300890467918807
9.67,0.0003308603017961072
9.68,0.0003389245825155713
9.69,0.00034715505798692215
9.7,0.00035550231333668136
9.71,0.0003640734179340373
9.72,0.00037281948814914484
9.73,0.00038168894157483653
9.74,0.0003907937000798498
9.75,0.00040008265648411073
9.76,0.0004095018888792763
9.77,0.0004191683415452992
9.78,0.0004290286500202998
9.79,0.0004390264952760172
9.8,0.00044928403826036286
9.81,0.0004597455580144215
9.82,0.0004703522344820629
9.83,0.0004812315973589496
9.84,0.0004923254457368988
9.85,0.0005035724898624173
9.86,0.000515105791906423
9.87,0.0005267974084931492
9.88,0.0005387850549779292
9.89,0.0005510058588183694
9.9,0.0005634636808793666
9.91,0.0005760920394376807
9.92,0.000589035403071415
9.93,0.0006022277862934786
9.94,0.0006156000521628869
9.95,0.000629302569081841
9.96,0.0006432666873760149
9.97,0.0006574204623521789
9.98,0.0006719203503405493
9.99,0.0006866949663077494
10.0,0.0007016694703817084
10.01,0.0007170066041235731
10.02,0.0007326320737225532
10.03,0.0007484681859836737
10.04,0.0007646840817574356
10.05,0.0007812025248235393
10.06,0.0007979428615386256
10.07,0.0008150807720880633
10.08,0.0008325360676345841
10.09,0.0008502250016141196
10.1,0.0008683299787382502
10.11,0.0008866760938325568
10.12,0.0009054515003316686
10.13,0.0009245703856979212
10.14,0.0009440381561030948
10.15,0.0009637647337645238
10.16,0.0009839462441912394
10.17,0.001004493332886255
10.18,0.001025312699212038
10.19,0.0010466074984635445
10.2,0.0010682851262670183
10.21,0.0010902491381951137
10.22,0.0011127098060266455
10.23,0.0011355712388442562
10.24,0.0011587336296455873
10.25,0.0011824147393339319
10.26,0.001206515226966546
10.27,0.00123093187118697
10.28,0.001255889860591193
10.29,0.0012811738569881812
10.3,0.0013070154681760063
10.31,0.001333309026445958
10.32,0.0013600612808024493
10.33,0.0013871621835328308
10.34,0.0014148520257094629
10.35,0.001442900942255698
10.36,0.0014715561607440896
10.37,0.001500704991706952
10.38,0.0015303546522058768
10.39,0.0015603879011923914
10.4,0.0015910606650186559
10.41,0.0016222563044442178
10.42,0.0016538541141641117
10.43,0.0016861179301403415
10.44,0.001718927483036306
10.45,0.0017521583549371111
10.46,0.0017860824194849557
10.47,0.0018205758431650845
10.48,0.0018555105587217662
10.49,0.0018911664571996686
10.5,0.0019274159070504396
10.51,0.0019641272405441636
10.52,0.0020015884822073312
10.53,0.0020396684102667335
10.54,0.002078231641646611
10.55,0.0021175743237169123
10.56,0.002157561463338789
10.57,0.0021980538720515553
10.58,0.0022393560811838184
10.59,0.002281329289868941
10.6,0.002323830679832076
10.61,0.0023671728722042215
10.62,0.002411057662359226
10.63,0.002455805569298077
10.64,0.0025012704423758043
10.65,0.0025474616761818774
10.66,0.002594228909469898
10.67,0.0026419014314073837
10.68,0.0026903292254890085
10.69,0.00273935800453896
10.7,0.002789325495958903
10.71,0.002840077728774528
10.72,0.0028914568382318326
10.73,0.0029438086895485533
10.74,0.0029969756781804604
10.75,0.003050796071496029
10.76,0.0031056242507459223
10.77,0.0031612986734410823
10.78,0.0032176538944899353
10.79,0.0032750523126095403
10.8,0.003333328782486478
10.81,0.0033923141989227372
10.82,0.0034523792208457733
10.83,0.003513354856896854
10.84,0.003575068253352842
10.85,0.0036378983515606782
10.86,0.0037014845264199256
10.87,0.003766213997587089
10.88,0.0038319100030213874
10.89,0.0038985840224245063
10.9,0.003966055974114837
10.91,0.004034720819109147
10.92,0.004104398457289356
10.93,0.004174905110388183
10.94,0.004246643837129573
10.95,0.0043194308573326155
10.96,0.004393078829344542
10.97,0.004467998620670684
10.98,0.004544002809571503
10.99,0.004620900768650709
11.0,0.0046991110365071104
11.01,0.004778442563160107
11.02,0.004858701146516991
11.03,0.0049403130764639
11.04,0.005022873256466727
11.05,0.005106816036349903
11.06,0.005191943070806388
11.07,0.005278267248527109
11.08,0.005365587500263155
11.09,0.005454344943486412
11.1,0.005544120498043458
11.11,0.0056353633882336995
11.12,0.005727868455218933
11.13,0.005821648915324154
11.14,0.005916497190826687
11.15,0.006012868851462671
11.16,0.006110555969073679
11.17,0.0062093478548263786
11.18,0.006309706831549723
11.19,0.006411421910283174
11.2,0.006514279341837823
11.21,0.006618748151316182
11.22,0.006724614225730802
11.23,0.006831660851657696
11.24,0.00694036345853285
11.25,0.007050505079080117
11.26,0.00716186601188411
11.27,0.007274928060542036
11.28,0.007389471254436568
11.29,0.007505273159425587
11.3,0.007622821642908095
11.31,0.007741893809533344
11.32,0.007862264580914848
11.33,0.007984427842180498
11.34,0.008108157661705513
11.35,0.008233226828451842
11.36,0.008360134493857656
11.37,0.008488406709991281
11.38,0.008618550106859286
11.39,0.008750332749891676
11.4,0.008883769241228445
11.41,0.009018627297623915
11.42,0.009155416535583466
11.43,0.009293903710689496
11.44,0.009433854202127005
11.45,0.009575782558923211
11.46,0.00971945292871356
11.47,0.009864629234600764
11.48,0.010011830015986961
11.49,0.0101608178739155
11.5,0.010311353877037134
11.51,0.010463961248593492
11.52,0.010618400167304112
11.53,0.010774430048826762
11.54,0.010932578004524525
11.55,0.011092602322705666
11.56,0.011254260619317565
11.57,0.011418084226347679
11.58,0.011583829003924616
11.59,0.011751251664789216
11.6,0.011920885579110849
11.61,0.012092224058544505
11.62,0.012265806885145452
11.63,0.012441385837850422
11.64,0.012618975822107302
11.65,0.012798330647908354
11.66,0.012979990072601795
11.67,0.01316370521237347
11.68,0.013349228876987411
11.69,0.013537102206153243
11.7,0.013727076249368055
11.71,0.01391890197546046
11.72,0.014113123868662331
11.73,0.014309491205160185
11.74,0.014507753799804924
11.75,0.01470845736534755
11.76,0.014911349912229413
11.77,0.015116181169694647
11.78,0.015323498589862162
11.79,0.015532781917932694
11.8,0.015744582277521884
11.81,0.015958645111947646
11.82,0.01617498392436778
11.83,0.016393348130667156
11.84,0.01661428620288344
11.85,0.016837275943128872
11.86,0.01706286952008291
11.87,0.017290811227849912
11.88,0.01752111437490696
11.89,0.0177535286564947
11.9,0.01798860137325087
11.91,0.018226078227507096
11.92,0.018465706282226428
11.93,0.018708034023507156
11.94,0.018952807739445302
11.95,0.019199774630524052
11.96,0.01944948164414758
11.97,0.0197016736952024
11.98,0.019956099862273605
11.99,0.020213306138631548
12.0,0.020473037953809094
12.01,0.020735042519781064
12.02,0.020999865287691283
12.03,0.0212672525208937
12.04,0.021536953181012
12.05,0.021809508731249417
12.06,0.022084665394771816
12.07,0.02236217427078183
12.08,0.022642574890384577
12.09,0.022925613966662203
12.1,0.023211040298210795
12.11,0.02349939459137699
12.12,0.023790422793984425
12.13,0.024083875941906144
12.14,0.024380288164185394
12.15,0.02467940955653747
12.16,0.024980992162628543
12.17,0.025285565580359538
12.18,0.02559288003534265
12.19,0.025902690221521255
12.2,0.026215522990695916
12.21,0.02653112833188567
12.22,0.026849260361010097
12.23,0.02717044583844122
12.24,0.02749443362530668
12.25,0.027820979365122258
12.26,0.028150605822999098
12.27,0.0284830635512854
12.28,0.02881811027918347
12.29,0.029156261254234535
12.3,0.029497271736907242
12.31,0.02984090038157023
12.32,0.030187655605989135
12.33,0.03053729666099945
12.34,0.030889583049609787
12.35,0.03124501752920197
12.36,0.03160336114354618
12.37,0.03196437589805178
12.38,0.032328558725241756
12.39,0.032695671719236596
12.4,0.03306547975319165
12.41,0.033438474016278655
12.42,0.03381441780628244
12.43,0.03419307838187552
12.44,0.03457494122709355
12.45,0.03495953126040748
12.46,0.03534733748083463
12.47,0.03573811998750832
12.48,0.03613188490922663
12.49,0.03652840398261335
12.5,0.036928150537480345
12.51,0.03733089294507039
12.52,0.03773640543589287
12.53,0.03814515351730658
12.54,0.03855690934692
12.55,0.03897144838172208
12.56,0.03938922948585087
12.57,0.03981002750148795
12.58,0.04023362034996979
12.59,0.04066045807410827
12.6,0.041090320579164646
12.61,0.04152298526105021
12.62,0.04195889732095269
12.63,0.04239783692693389
12.64,0.04283958580131815
12.65,0.04328458178017361
12.66,0.04373260666273811
12.67,0.044183442162004274
12.68,0.04463752474410884
12.69,0.045094417919174117
12.7,0.04555455230696672
12.71,0.04601771237734655
12.72,0.04648389410633274
12.73,0.046952887670711194
12.74,0.04742511165532146
12.75,0.04790034906009261
12.76,0.04837839787657937
12.77,0.04885965973313974
12.78,0.04934392938767645
12.79,0.0498310018858485
12.8,0.050321273307020215
12.81,0.05081453922666459
12.82,0.051310597268641116
12.83,0.05180983973710273
12.84,0.052312059546214464
12.85,0.052817057932614084
12.86,0.05332522001462676
12.87,0.05383633998577841
12.88,0.0543502271212971
12.89,0.05486724795014267
12.9,0.055387210116239684
12.91,0.05590991825156385
12.92,0.05643573535909342
12.93,0.05696446747950277
12.94,0.05749592156666089
12.95,0.058030458268444274
12.96,0.05856787902586574
12.97,0.05910800145162111
12.98,0.059651168772496925
12.99,0.0601971913785624
13.0,0.06074588703857066
13.01,0.0612975902570165
13.02,0.061852117132867854
13.03,0.06240928170729263
13.04,0.06296941758947965
13.05,0.06353233490346519
13.06,0.06409786351540707
13.07,0.06466631361287364
13.08,0.065237509957934
13.09,0.06581127288670084
13.1,0.06638791609615859
13.11,0.06696725893289228
13.12,0.06754913056306888
13.13,0.06813382911920549
13.14,0.06872118194352038
13.15,0.06931101834830797
13.16,0.06990362951487603
13.17,0.07049884461398137
13.18,0.07109649477716247
13.19,0.07169686433010274
13.2,0.07229963361289776
13.21,0.07290508320946636
13.22,0.07351304524542449
13.23,0.07412349913215766
13.24,0.07473628304117969
13.25,0.07535166342980448
13.26,0.07596947303124707
13.27,0.07658955744535509
13.28,0.07721216911244078
13.29,0.0778371488015171
13.3,0.07846434059521896
13.31,0.07909399162711246
13.32,0.07972594202906517
13.33,0.08036004097156868
13.34,0.08099652403584862
13.35,0.08163523630644405
13.36,0.08227603043914421
13.37,0.08291913063538611
13.38,0.08356438909869743
13.39,0.0842116549682398
13.4,0.08486115129832333
13.41,0.08551272377928618
13.42,0.08616623322955591
13.43,0.08682188588766725
13.44,0.08747942209754603
13.45,0.08813904634676406
13.46,0.08880061413812218
13.47,0.08946409585648302
13.48,0.09012935436527791
13.49,0.09079658282027439
13.5,0.09146563719009908
13.51,0.09213638559515301
13.52,0.09280900884934351
13.53,0.09348337102415961
13.54,0.09415933667219424
13.55,0.09483708384020231
13.56,0.09551647538125946
13.57,0.0961973797389476
13.58,0.09687996828822035
13.59,0.09756410379061736
13.6,0.09824966061793498
13.61,0.09893679751746771
13.62,0.09962538384125896
13.63,0.10031529360154746
13.64,0.10100667840993492
13.65,0.10169941231997152
13.66,0.10239336802609533
13.67,0.10308869344306866
13.68,0.10378526154591786
13.69,0.10448294930056848
13.7,0.1051818969564145
13.71,0.10588197734862957
13.72,0.10658307500205362
13.73,0.10728531644075542
13.74,0.1079885833262354
13.75,0.10869275703380185
13.76,0.10939796089343078
13.77,0.11010407639771347
13.78,0.11081098780121529
13.79,0.1115188110406805
13.8,0.11222742746477538
13.81,0.11293673231208395
13.82,0.11364682263053698
13.83,0.11435759757202232
13.84,0.11506893452848077
13.85,0.11578094185118917
13.86,0.11649350605982538
13.87,0.11720651746044701
13.88,0.11792007111474316
13.89,0.11863406538581373
13.9,0.11934837956851062
13.91,0.12006311930769697
13.92,0.12077816400618743
13.93,0.12149341341189716
13.94,0.1222089518780579
13.95,0.12292461056724
13.96,0.12364046771869423
13.97,0.12435642979237968
13.98,0.12507243636368393
13.99,0.12578840404699917
14.0,0.126504392923348
14.01,0.12722030393285372
14.02,0.12793603908633808
14.03,0.1286516651628156
14.04,0.12936708075965492
14.05,0.13008219048954422
14.06,0.1307970505410139
14.07,0.13151157516682005
14.08,0.1322256572048036
14.09,0.1329393569925703
14.1,0.13365257683030746
14.11,0.1343652248289735
14.12,0.13507735197419685
14.13,0.13578886355353198
14.14,0.13649966156480764
14.15,0.1372098105344851
14.16,0.13791920101629912
14.17,0.13862774629407573
14.18,0.13933549149238936
14.19,0.14004230187314812
14.2,0.14074821664191678
14.21,0.14145314549305607
14.22,0.1421570366666395
14.23,0.1428598210770278
14.24,0.1435615138739883
14.25,0.14426203408940935
14.26,0.14496129759395227
14.27,0.14565933192403094
14.28,0.14635605364874296
14.29,0.1470513778032874
14.3,0.14774532347805697
14.31,0.14843782745464
14.32,0.14912878812790456
14.33,0.14981823441775152
14.34,0.15050608108213667
14.35,0.15119225279840448
14.36,0.15187676613453868
14.37,0.15255953920579574
14.38,0.15324048744985827
14.39,0.15391964787470935
14.4,0.15459692078182447
14.41,0.15527223324831385
14.42,0.15594560187314202
14.43,0.15661694743784194
14.44,0.15728619467600496
14.45,0.1579533510931806
14.46,0.15861833581428647
14.47,0.15928109934750825
14.48,0.15994162183398009
14.49,0.16059983828950547
14.5,0.1612556774770213
14.51,0.16190914388888325
14.52,0.1625601616009218
14.53,0.16320866276397178
14.54,0.16385464980831346
14.55,0.16449805159189662
14.56,0.16513879824066832
14.57,0.16577688708439167
14.58,0.1664122527131506
14.59,0.1670448263461015
14.6,0.16767460510245782
14.61,0.16830151935684107
14.62,0.16892550737890913
14.63,0.1695465618839047
14.64,0.17016461921466516
14.65,0.17077961045479145
14.66,0.17139153298955237
14.67,0.17200032182033026
14.68,0.17260591572517953
14.69,0.17320830303442922
14.7,0.17380740431092237
14.71,0.17440321281857524
14.72,0.1749956666938666
14.73,0.17558472120941862
14.74,0.17617031552590146
14.75,0.1767524398168743
14.76,0.17733103608405967
14.77,0.17790604594537746
14.78,0.1784774564992361
14.79,0.17904520770968108
14.8,0.17960924523078695
14.81,0.18016955769909967
14.82,0.18072608794740275
14.83,0.18127878019885188
14.84,0.1818276178775473
14.85,0.18237254971441305
14.86,0.18291352258583704
14.87,0.1834505220624246
14.88,0.18398349420455856
14.89,0.1845123852563343
14.9,0.18503717988438287
14.91,0.18555783023405237
14.92,0.18607428558738995
14.93,0.18658652845751061
14.94,0.18709449912756568
14.95,0.1875981782056526
14.96,0.18809752009878214
14.97,0.18859248706125015
14.98,0.1890830344756851
14.99,0.1895691430605619
15.0,0.1900507674354556
15.01,0.19052785801616093
15.02,0.19100040199185872
15.03,0.19146835491418795
15.04,0.1919316750493412
15.05,0.19239032466717926
15.06,0.19284431256629053
15.07,0.19329354351762232
15.08,0.19373801974380456
15.09,0.19417770115429756
15.1,0.19461254662362262
15.11,0.19504253924827747
15.12,0.19546764006551345
15.13,0.19588779101693982
15.14,0.19630302610874287
15.15,0.19671325760011724
15.16,0.1971184667178799
15.17,0.19751863801934766
15.18,0.19791373242925941
15.19,0.1983037154933887
15.2,0.19868857207633703
15.21,0.19906824403005696
15.22,0.19944275895435754
15.23,0.19981204279511425
15.24,0.20017608500134845
15.25,0.20053485072726507
15.26,0.20088832497665118
15.27,0.2012364780443553
15.28,0.20157927795602187
15.29,0.2019167098146393
15.3,0.2022487412271085
15.31,0.20257535070986088
15.32,0.20289652084938067
15.33,0.20321222416216822
15.34,0.20352243538784986
15.35,0.20382713981427045
15.36,0.20412631208527068
15.37,0.20441992505733889
15.38,0.20470797002247818
15.39,0.204990416988532
15.4,0.205267245136429
15.41,0.20553844632264467
15.42,0.2058039955896635
15.43,0.20606387224379596
15.44,0.20631806485491958
15.45,0.2065665508185486
15.46,0.20680931706930403
15.47,0.20704634603555142
15.48,0.20727762322270588
15.49,0.20750312660386644
15.5,0.20772284837406146
15.51,0.20793677338662964
15.52,0.2081448831941727
15.53,0.2083471726492908
15.54,0.20854362498774087
15.55,0.20873422613352732
15.56,0.20891896777363758
15.57,0.20909783887569378
15.58,0.20927082458120444
15.59,0.20943791786442312
15.6,0.20959911019246014
15.61,0.20975438773300076
15.62,0.2099037447125263
15.63,0.21004717552321536
15.64,0.21018466528425234
15.65,0.21031621192880282
15.66,0.2104418104537884
15.67,0.21056144862952084
15.68,0.2106751281510255
15.69,0.21078283905657189
15.7,0.21088457851324655
15.71,0.21098034424773407
15.72,0.21107013115462064
15.73,0.211153931442738
15.74,0.21123175146835074
15.75,0.21130358361394766
15.76,0.21136942465200453
15.77,0.21142928015281276
15.78,0.21148314358940865
15.79,0.21153101676860708
15.8,0.21157290220148703
15.81,0.21160879749206313
15.82,0.21163870682758038
15.83,0.21166263229855797
15.84,0.2116805733535998
15.85,0.2116925371007388
15.86,0.21169852449311852
15.87,0.21169854015653303
15.88,0.21169258978112246
15.89,0.21168067531161394
15.9,0.21166280719519248
15.91,0.2116389870288323
15.92,0.21160922290103848
15.93,0.21157352405247323
15.94,0.21153189294952063
15.95,0.21148434335257327
15.96,0.21143088060920873
15.97,0.21137151291000192
15.98,0.21130625292080094
15.99,0.21123510710613388
16.0,0.21115808925779592
16.01,0.2110751620478895
16.02,0.21098647489447883
16.03,0.2108919034719374
16.04,0.2107915031686148
16.05,0.21068529078400156
16.06,0.21057327571389445
16.07,0.21045547442958792
16.08,0.21033189921981593
16.09,0.2102025663105559
16.1,0.2100674910198494
16.11,0.2099266855202459
16.12,0.20978017142375793
16.13,0.20962796061880654
16.14,0.20947007173061355
16.15,0.20930652255738538
16.16,0.20913732969421003
16.17,0.2089624604316337
16.18,0.20878208881997623
16.19,0.20859608049900724
16.2,0.20840450147681702
16.21,0.2082073780268015
16.22,0.20800472677984128
16.23,0.20779656949762304
16.24,0.20758292732581765
16.25,0.20736382179286503
16.26,0.2071392189328932
16.27,0.20690930977727343
16.28,0.2066738925668427
16.29,0.206433216865669
16.3,0.20618707636732778
16.31,0.20593572825538883
16.32,0.20567902297611082
16.33,0.2054170404643515
16.34,0.20514980829891635
16.35,0.20487735237118251
16.36,0.20459969706359057
16.37,0.2043168688328013
16.38,0.2040288929542863
16.39,0.20373579996796876
16.4,0.20343761328428653
16.41,0.20313436452008965
16.42,0.20282601290266722
16.43,0.20251278777824
16.44,0.2021944489292125
16.45,0.2018712963294744
16.46,0.2015430884367046
16.47,0.20121012804407387
16.48,0.2008722381164712
16.49,0.20052952068379945
16.5,0.20018200356622082
16.51,0.19982972042578223
16.52,0.19947269746212157
16.53,0.1991109707045303
16.54,0.19874456880511837
16.55,0.19837352778633677
16.56,0.19799787613641703
16.57,0.19761765197296208
16.58,0.19723288304659842
16.59,0.19684360728020478
16.6,0.19644977809576986
16.61,0.19605166225001236
16.62,0.19564898486224333
16.63,0.1952420897363394
16.64,0.1948307756296534
16.65,0.19441515856638109
16.66,0.19399527178989293
16.67,0.19357115313759954
16.68,0.19314283526323675
16.69,0.1927103577544408
16.7,0.19227375378134265
16.71,0.1918330612070631
16.72,0.19138831637787654
16.73,0.19093955417541808
16.74,0.1904868118146894
16.75,0.19003012527255747
16.76,0.18956944836406275
16.77,0.189105073973951
16.78,0.18863669935628308
16.79,0.18816470511301517
16.8,0.1876888722085707
16.81,0.1872093216873475
16.82,0.18672609306628654
16.83,0.18623922319964015
16.84,0.18574875203391966
16.85,0.1852547186399601
16.86,0.1847571621167643
16.87,0.18425612394225482
16.88,0.18375164025833673
16.89,0.1832437535099015
16.9,0.18273249608207023
16.91,0.18221791250204206
16.92,0.18169994567059444
16.93,0.181178924393436
16.94,0.18065450239230257
16.95,0.18012710884190486
16.96,0.17959649339862507
16.97,0.17906278744431317
16.98,0.17852603534017442
16.99,0.17798627511791026
17.0,0.17744354980195087
17.01,0.1768979003507109
17.02,0.1763493664087262
17.03,0.17579799068729
17.04,0.1752438071666308
17.05,0.17468686151647128
17.06,0.17412719363267745
17.07,0.1735648448409008
17.08,0.17299985800764917
17.09,0.17243227165675273
17.1,0.17186201778536597
17.11,0.17128946235786358
17.12,0.1707143216461709
17.13,0.1701367473083498
17.14,0.1695567778023751
17.15,0.16897445763136446
17.16,0.16838982305728234
17.17,0.16780291666926195
17.18,0.16721378048472707
17.19,0.16662245457787708
17.2,0.16602898240093591
17.21,0.1654334040856253
17.22,0.1648357573851544
17.23,0.1642360854408104
17.24,0.16363442855238672
17.25,0.1630308302966062
17.26,0.162425208929358
17.27,0.16181796714929667
17.28,0.16120878250489967
17.29,0.16059781680860324
17.3,0.15998511291435794
17.31,0.1593707112127572
17.32,0.1587546503285691
17.33,0.15813697018725878
17.34,0.15751771170422466
17.35,0.15689691643091752
17.36,0.15627462652498997
17.37,0.15565087864518354
17.38,0.15502571211786945
17.39,0.15439916877006005
17.4,0.1537712883100682
17.41,0.15314211250156232
17.42,0.15251154615362403
17.43,0.1518800255503824
17.44,0.15124719390734134
17.45,0.1506132231586001
17.46,0.14997815241891282
17.47,0.1493420224990826
17.48,0.1487048685593995
17.49,0.14806673131824885
17.5,0.1474276508679481
17.51,0.14678752491937966
17.52,0.1461468104190261
17.53,0.14550498482975185
17.54,0.1448626523543814
17.55,0.14421928305083512
17.56,0.14357548637170947
17.57,0.1429308666283915
17.58,0.1422856073945835
17.59,0.14163974777082983
17.6,0.14099332278298765
17.61,0.14034636852064153
17.62,0.1396989243019836
17.63,0.1390510258775389
17.64,0.13840271044444044
17.65,0.1377540134736227
17.66,0.13710497000008304
17.67,0.13645546446672807
17.68,0.1358059944014848
17.69,0.13515597697466436
17.7,0.13450606627468153
17.71,0.13385567921990502
17.72,0.13320547380060627
17.73,0.13255501426105742
17.74,0.13190449297603668
17.75,0.13125394346443237
17.76,0.13060340105927135
17.77,0.12995289921727635
17.78,0.1293024717261064
17.79,0.12865215256939957
17.8,0.12800197578862244
17.81,0.12735197399472178
17.82,0.12670217926126504
17.83,0.12605262478945448
17.84,0.1254033451880982
17.85,0.12475420218395893
17.86,0.12410573203744638
17.87,0.12345729528918557
17.88,0.12280959915565358
17.89,0.12216216535939763
17.9,0.12151519510469261
17.91,0.12086872064199114
17.92,0.12022277164786119
17.93,0.11957737800995184
17.94,0.11893257141847934
17.95,0.11828838139688701
17.96,0.11764483672829107
17.97,0.11700196736075184
17.98,0.11635980359046219
17.99,0.11571837382706807
18.0,0.11507770639351515
18.01,0.11443764960832327
18.02,0.11379877376936842
18.03,0.11316038228354548
18.04,0.11252323060744411
18.05,0.11188679998613545
18.06,0.1112512993856356
18.07,0.11061675583676808
18.08,0.1099831954922697
18.09,0.1093506461235687
18.1,0.10871913373881059
18.11,0.10808868365041654
18.12,0.10745932104426194
18.13,0.10683107316476285
18.14,0.10620396430081765
18.15,0.10557801937879527
18.16,0.10495326226242686
18.17,0.10432952565478883
18.18,0.10370741245799296
18.19,0.10308617201565874
18.2,0.10246660623556254
18.21,0.10184815327644561
18.22,0.10123103118396382
18.23,0.1006152633231384
18.24,0.10000087204547882
18.25,0.09938787857281733
18.26,0.09877630632105754
18.27,0.09816617677114517
18.28,0.09755751081381392
18.29,0.09695032969850745
18.3,0.09634465549708832
18.31,0.09574050727159814
18.32,0.09513790675114678
18.33,0.09453687334515036
18.34,0.09393742640936109
18.35,0.09333937977799295
18.36,0.09274337351458792
18.37,0.09214880451730936
18.38,0.09155589910324184
18.39,0.09096467738771513
18.4,0.09037515574393658
18.41,0.08978735206372856
18.42,0.08920128575025828
18.43,0.08861697262745175
18.44,0.08803443064569662
18.45,0.08745367673017382
18.46,0.0868747267074072
18.47,0.08629759787395883
18.48,0.08572230668576725
18.49,0.08514886717182617
18.5,0.08457729787954606
18.51,0.08400739301076636
18.52,0.08343982270904389
18.53,0.08287394945492113
18.54,0.08231000406856855
18.55,0.08174799953373046
18.56,0.08118795375013142
18.57,0.08062987722859062
18.58,0.08007378345033109
18.59,0.07951968846540002
18.6,0.07896760246188896
18.61,0.07841753855373729
18.62,0.07786951116205124
18.63,0.07732352973463054
18.64,0.07677960878851009
18.65,0.07623775857052624
18.66,0.07569798997787033
18.67,0.07516008679197517
18.68,0.0746247462979981
18.69,0.07409129163131871
18.7,0.07355996380021418
18.71,0.07303077034365996
18.72,0.07250372392658413
18.73,0.0719788334034019
18.74,0.07145610646811232
18.75,0.07093555590232342
18.76,0.0704169525107085
18.77,0.0699010109715382
18.78,0.06938680011077647
18.79,0.06887526821665345
18.8,0.0683654822865158
18.81,0.0678583941969975
18.82,0.06735330036116012
18.83,0.06685044835194316
18.84,0.0663498408000254
18.85,0.06585148833012294
18.86,0.06535539537138071
18.87,0.06486156783222485
18.88,0.06437001568275248
18.89,0.0638807399069954
18.9,0.0633937498382703
18.91,0.06290904986840802
18.92,0.06242639963789513
18.93,0.06194654017655261
18.94,0.061468494496477045
18.95,0.060993249974455994
18.96,0.0605198291185075
18.97,0.06004921709140622
18.98,0.05958068355323453
18.99,0.0591144742720878
19.0,0.05865059672459992
19.01,0.05818905164595379
19.02,0.05772984198512122
19.03,0.05727297385250609
19.04,0.056818445273505595
19.05,0.0563662640910886
19.06,0.05591642806461704
19.07,0.05546894181539141
19.08,0.0550238074463592
19.09,0.054581024090107406
19.1,0.05414034521810611
19.11,0.05370252518568463
19.12,0.05326655851154553
19.13,0.05283345558356615
19.14,0.052402458383865924
19.15,0.05197382157088118
19.16,0.05154754305905973
19.17,0.051123627307418346
19.18,0.050702069845955315
19.19,0.050282874834173215
19.2,0.04986603901943292
19.21,0.049451562983559835
19.22,0.04903944668002169
19.23,0.048629687609646345
19.24,0.0482222880380139
19.25,0.04781724226469318
19.26,0.04741429511873446
19.27,0.04701421797646695
19.28,0.04661597525871573
19.29,0.04622060200955143
19.3,0.045827316910485416
19.31,0.04543637929639202
19.32,0.04504778436874664
19.33,0.044661533446597894
19.34,0.04427761897428867
19.35,0.04389604387071241
19.36,0.04351680029197798
19.37,0.043139889430310094
19.38,0.042765305048410224
19.39,0.042393045531238974
19.4,0.042023107115625444
19.41,0.041655485705742755
19.42,0.04128991540506629
19.43,0.040927181040414276
19.44,0.04056622696567834
19.45,0.04020810070535037
19.46,0.03985201073953771
19.47,0.039498211819557885
19.48,0.039146704227754216
19.49,0.038797479070304675
19.5,0.038450535430100984
19.51,0.03810586543209997
19.52,0.03776346602034138
19.53,0.03742333122231005
19.54,0.037085456189863225
19.55,0.03674983565334143
19.56,0.03641646378348323
19.57,0.03608533616096592
19.58,0.035756445194698686
19.59,0.035429787842837464
19.6,0.03510508797245846
19.61,0.03478314432545003
19.62,0.034463146060203384
19.63,0.03414535769108954
19.64,0.03382976947751258
19.65,0.03351637840385076
19.66,0.03320517461669705
19.67,0.03289615530703392
19.68,0.03258930967233662
19.69,0.03228463553267942
19.7,0.03198212127952494
19.71,0.031681764881333424
19.72,0.03138355448337951
19.73,0.031087487874425734
19.74,0.030793552981057702
19.75,0.03050174750925089
19.76,0.030211790975074527
19.77,0.0299244855347098
19.78,0.029639014294113863
19.79,0.02935564257840119
19.8,0.02907435811585915
19.81,0.028795157850973137
19.82,0.02851802946362813
19.83,0.028242969539398356
19.84,0.027969965809314327
19.85,0.027699014551871893
19.86,0.02743010370522613
19.87,0.027163228893314396
19.88,0.02689837852867432
19.89,0.026635547620515596
19.9,0.0263747248511048
19.91,0.026115904748314857
19.92,0.025858808403795626
19.93,0.025604233248159178
19.94,0.025351365192344277
19.95,0.025100465279702947
19.96,0.02485152373211566
19.97,0.024604532397986417
19.98,0.024359482655040315
19.99,0.02411636516562274
20.0,0.02387517233463526
20.01,0.023635626541220242
20.02,0.02339852216019474
20.03,0.02316304640080533
20.04,0.022929461110096163
20.05,0.022697752960207054
20.06,0.022467917225608817
20.07,0.022239940908394835
20.08,0.022013818433336732
20.09,0.021789537396086644
20.1,0.02156682620574368
20.11,0.021346469285625745
20.12,0.021127663107908277
20.13,0.02091066305701965
20.14,0.020695194969220454
20.15,0.02048204452861691
20.16,0.020270406298460317
20.17,0.020060275209836154
20.18,0.019852429404832207
20.19,0.01964607185015636
20.2,0.019441453432231467
20.21,0.0192385677218316
20.22,0.019037403016432797
20.23,0.018837951105777538
20.24,0.01864020234629423
20.25,0.018444146213082956
20.26,0.01824951418486118
20.27,0.01805707776319607
20.28,0.017866046660056537
20.29,0.017676669413795178
20.3,0.017488679109295018
20.31,0.017302844533756946
20.32,0.01711837683040467
20.33,0.01693552669168148
20.34,0.016754283218308425
20.35,0.01657463934306268
20.36,0.016396582403220356
20.37,0.016220105737888766
20.38,0.016045197338189206
20.39,0.015871849201264256
20.4,0.015700051288530147
20.41,0.015529793240167275
20.42,0.01536081177363686
20.43,0.0151938618964072
20.44,0.015028169462284321
20.45,0.014863978348285038
20.46,0.014701026336576236
20.47,0.014540066044068793
20.48,0.014380324339387823
20.49,0.014222048316980701
20.5,0.014065225487052694
20.51,0.013909848906969145
20.52,0.01375590743770023
20.53,0.013603391872312109
20.54,0.013452293881789142
20.55,0.013302601916417958
20.56,0.013154308980496085
20.57,0.01300740350609302
20.58,0.012861877197453577
20.59,0.012717720743838437
20.6,0.012574923530380385
20.61,0.012433478383310817
20.62,0.012293126777041368
20.63,0.012154601444588443
20.64,0.012017152178037558
20.65,0.011881015595558816
20.66,0.011746184505111324
20.67,0.011612647340490015
20.68,0.011480396495138927
20.69,0.01134942227186715
20.7,0.011219714659741158
20.71,0.011091266440061911
20.72,0.01096406641498578
20.73,0.01083810674476032
20.74,0.010713378153085616
20.75,0.010589870706494017
20.76,0.01046757709099216
20.77,0.010346486520729023
20.78,0.010226352783898546
20.79,0.010107881803663312
20.8,0.009990348767470895
20.81,0.009873984678590837
20.82,0.009758779414831407
20.83,0.009644724199389875
20.84,0.00953181157717264
20.85,0.009420030909894619
20.86,0.009309374756651133
20.87,0.009199834080646872
20.88,0.009091399565814114
20.89,0.00898406404951357
20.9,0.008877817326784545
20.91,0.008772651385840144
20.92,0.00866855866596124
20.93,0.008565528911932142
20.94,0.008463326680642012
20.95,0.008362628121384889
20.96,0.008262739174094785
20.97,0.008163881219802343
20.98,0.008066044631967995
20.99,0.007969221301529626
21.0,0.007873404082387826
21.01,0.007778583206188965
21.02,0.007684751338834261
21.03,0.007591900704916127
21.04,0.007500021895924593
21.05,0.007409108160036109
21.06,0.007319150855081281
21.07,0.007230141627320382
21.08,0.007142073552929275
21.09,0.00705493774935319
21.1,0.006968508809183068
21.11,0.006883432647304905
21.12,0.006799047411902474
21.13,0.006715563321698644
21.14,0.0066329735217497575
21.15,0.006551269053529685
21.16,0.00647044279202129
21.17,0.006390487761130027
21.18,0.006311395124200997
21.19,0.006233158282506845
21.2,0.006155769825620538
21.21,0.006079221426142964
21.22,0.006003506514832478
21.23,0.005928617647795751
21.24,0.005854546845142974
21.25,0.005781287632712669
21.26,0.0057086265152676875
21.27,0.005637173681025316
21.28,0.005566304945416829
21.29,0.005496218756004269
21.3,0.0054269076271623844
21.31,0.005358365302326746
21.32,0.005290584469057218
21.33,0.005223557698467044
21.34,0.005157278873825323
21.35,0.005091541658927893
21.36,0.005026936283911715
21.37,0.0049628591732870765
21.38,0.004899502501634469
21.39,0.004836663112468659
21.4,0.004774923103176593
21.41,0.004713687666419608
21.42,0.004652951919442273
21.43,0.004593291131931969
21.44,0.004534117772809931
21.45,0.004475618373394903
21.46,0.004417787003060285
21.47,0.004360617714059223
21.48,0.0043041033895729304
21.49,0.004248238013013448
21.5,0.004193015920847931
21.51,0.004138243487488386
21.52,0.004084474757414216
21.53,0.004031144146337795
21.54,0.003978431684793338
21.55,0.0039261478223360305
21.56,0.0038748376056761446
21.57,0.003823944265341347
21.58,0.0037736451739516113
21.59,0.003723934868254011
21.6,0.0036748076322080576
21.61,0.0036262571637139473
21.62,0.003578278025338674
21.63,0.0035308649072195034
21.64,0.0034840115593505272
21.65,0.0034377124955271288
21.66,0.0033919625655404128
21.67,0.003346582069274304
21.68,0.0033020869619034116
21.69,0.003257950484577787
21.7,0.003214341305113911
21.71,0.0031710828543774962
21.72,0.0031286819867816385
21.73,0.0030866218966141994
21.74,0.0030450674774969485
21.75,0.0030040135542060598
21.76,0.0029634552859960058
21.77,0.0029233875640867985
21.78,0.0028838049096504316
21.79,0.002844702481994069
21.8,0.002806075685466564
21.81,0.0027679190474335213
21.82,0.002730227676134564
21.83,0.0026929970065542137
21.84,0.0026562221793069857
21.85,0.0026198980560967755
21.86,0.0025840200377293798
21.87,0.002548426034404897
21.88,0.0025135840882462026
21.89,0.0024790163975765235
21.9,0.002444876290212542
21.91,0.002411159358104482
21.92,0.0023778606584313636
21.93,0.0023449757993238792
21.94,0.002312500609203277
21.95,0.0022804305191838846
21.96,0.0022487609642163563
21.97,0.002217487743324639
21.98,0.0021866067818151194
21.99,0.002156113535673134
22.0,0.002126003739209912
22.01,0.0020962732997896385
22.02,0.002066918293789079
22.03,0.0020377894620030057
22.04,0.002009317155759372
22.05,0.0019810630212620467
22.06,0.001953168045115347
22.07,0.0019256279155601607
22.08,0.001898438719133602
22.09,0.0018715967081009718
22.1,0.0018450981326293854
22.11,0.0018189388288543183
22.12,0.0017931150702180014
22.13,0.0017676232476859625
22.14,0.0017424596598360831
22.15,0.0017176203731972164
22.16,0.0016931017947099112
22.17,0.0016689003968977526
22.18,0.0016450126295255295
22.19,0.0016213025879709734
22.2,0.0015981631914536998
22.21,0.001575194634430525
22.22,0.0015525256746300334
22.23,0.0015301526394247184
22.24,0.001508072171834234
22.25,0.0014862810074805248
22.26,0.0014647758963084688
22.27,0.0014435533100746057
22.28,0.0014226100064786377
22.29,0.0014019428078771061
22.3,0.0013815486284745558
22.31,0.0013614241013555823
22.32,0.0013415660743341523
22.33,0.0013219714548804115
22.34,0.0013026372783085684
22.35,0.0012834406107794852
22.36,0.0012647377108071939
22.37,0.001246166255592553
22.38,0.001227843138137988
22.39,0.0012097654387306525
22.4,0.0011919301061135265
22.41,0.0011743342749683278
22.42,0.0011569751330979148
22.43,0.001139849975909792
22.44,0.0011229558531760174
22.45,0.0011062899768883496
22.46,0.0010898496482729843
22.47,0.0010736322086622012
22.48,0.0010576349907055612
22.49,0.00104185521923584
22.5,0.0010262902727940708
22.51,0.0010108296523509309
22.52,0.0009957946679006189
22.53,0.0009808588615885588
22.54,0.0009661276158609757
22.55,0.0009515984648183856
22.56,0.0009372689516529812
22.57,0.0009231367048003029
22.58,0.0009091991861383059
22.59,0.0008954539850359699
22.6,0.0008817972688434142
22.61,0.000868531206318002
22.62,0.0008553490302142068
22.63,0.0008423498415289534
22.64,0.0008294326805412266
22.65,0.0008168913986195534
22.66,0.0008044277311054349
22.67,0.0007920415546482804
22.68,0.0007800204679632685
22.69,0.0007680724766845923
22.7,0.0007562920805958752
22.71,0.000744677216391903
22.72,0.0007332258126826128
22.73,0.0007219357178067141
22.74,0.0007108049057919243
22.75,0.000699831368229705
22.76,0.0006889226008657865
22.77,0.0006783482852238334
22.78,0.0006678347624875264
22.79,0.0006574706500492755
22.8,0.0006471661505874032
22.81,0.0006371830835035014
22.82,0.0006272559294975239
22.83,0.0006174706821867853
22.84,0.0006078255012063152
22.85,0.0005983185955955541
22.86,0.000588948179703278
22.87,0.0005797125231611458
22.88,0.0005706098654637243
22.89,0.0005616384411786126
22.9,0.0005527965611232565
22.91,0.0005440825318608548
22.92,0.0005354144532547516
22.93,0.0005270314470696288
22.94,0.0005186910938598352
22.95,0.0005104720300726216
22.96,0.0005022948762129793
22.97,0.0004943914188068203
22.98,0.00048652676053196
22.99,0.00047877716161652566
23.0,0.0004711410633656167
23.01,0.00046361696251420373
23.02,0.00045620336929651033
23.03,0.00044889882435170835
23.04,0.00044170189616346995
23.05,0.00043461115732270684
23.06,0.00042762515376549
23.07,0.0004207424750891464
23.08,0.0004139617475416537
23.09,0.0004072816096366762
23.1,0.00040070072359582435
23.11,0.00039421776636408063
23.12,0.0003877629669636854
23.13,0.0003815402328598098
23.14,0.00037534308139907003
23.15,0.0003692386382409069
23.16,0.0003632256540100775
23.17,0.00035730289273666616
23.18,0.0003514691068160785
23.19,0.0003457230840065558
23.2,0.000340063617923124
23.21,0.00033448952645379244
23.22,0.0003289996437319217
23.23,0.000323592832951972
23.24,0.00031826794628894445
23.25,0.00031302383202948383
23.26,0.0003078593741188198
23.27,0.0003027734825617734
23.28,0.0002977053012304815
23.29,0.0002928330664555578
23.3,0.00028797641430189586
23.31,0.00028319407065537555
23.32,0.00027848498355265307
23.33,0.000273848131179822
23.34,0.00026928250097598485
23.35,0.00026478710777116585
23.36,0.00026036096798452116
23.37,0.00025600311262375194
23.38,0.00025171258027564635
23.39,0.00024748841576147156
23.4,0.0002433296821094812
23.41,0.00023923545026476416
23.42,0.00023520481396013275
23.43,0.00023123687899277237
23.44,0.00022727885442565726
23.45,0.00022348556589753656
23.46,0.00021970043438838052
23.47,0.000215974507780421
23.48,0.00021230693603233486
23.49,0.000208696883973978
23.5,0.00020514353669412284
23.51,0.00020164607777913465
23.52,0.00019820370719531702
23.53,0.0001948156352063595
23.54,0.0001914810757362279
23.55,0.00018819925080284722
23.56,0.00018496939585755368
23.57,0.0001817907675571585
23.58,0.0001786626189271731
23.59,0.0001755842163758723
23.6,0.0001725100633797211
23.61,0.00016957378687791437
23.62,0.00016664034025084797
23.63,0.00016375379918462908
23.64,0.000160913484138486
23.65,0.00015811871412527945
23.66,0.00015536881913357195
23.67,0.00015266314972075477
23.68,0.00015000105020974454
23.69,0.00014738187733190732
23.7,0.00014480500513617666
23.71,0.00014226980441277043
23.72,0.00013977565026799168
23.73,0.00013732193786608894
23.74,0.00013490807011020236
23.75,0.00013253344874276658
23.76,0.00013015910287263754
23.77,0.00012789962688784402
23.78,0.00012563928270604622
23.79,0.0001234158969605304
23.8,0.00012122892412942028
23.81,0.00011907780767587502
23.82,0.00011696200834036296
23.83,0.00011488099992560464
23.84,0.00011283425219964512
23.85,0.00011078614391327762
23.86,0.00010884148725026268
23.87,0.00010689445854364641
23.88,0.00010497966518302601
23.89,0.0001030629098837117
23.9,0.00010124485246541722
23.91,9.942386822948207e-05
23.92,9.760050395389745e-05
23.93,9.58723947695521e-05
23.94,9.41409858678846e-05
23.95,9.243852756135623e-05
23.96,9.076457092534712e-05
23.97,8.911868347061461e-05
23.98,8.750043370895426e-05
23.99,8.590939108565292e-05
24.0,8.43451414472935e-05
24.01,8.277747165118661e-05
24.02,8.129536602707619e-05
24.03,7.980902950775882e-05
24.04,7.834785778384316e-05
24.05,7.688289049939333e-05
24.06,7.549946271523873e-05
24.07,7.411146865268721e-05
24.08,7.274711313614082e-05
24.09,7.140602491482721e-05
24.1,7.008783556210954e-05
24.11,6.879219261753443e-05
24.12,6.751873719369034e-05
24.13,6.626712062542468e-05
24.14,6.503700281109964e-05
24.15,6.38280415900818e-05
24.16,6.263990424741467e-05
24.17,6.144712367947212e-05
24.18,6.032477756543478e-05
24.19,5.9197147970125786e-05
24.2,5.8089047419909334e-05
24.21,5.697610760490061e-05
24.22,5.593020824731959e-05
24.23,5.487885671595122e-05
24.24,5.384582356713226e-05
24.25,5.283081028726996e-05
24.26,5.183353095479361e-05
24.27,5.085370101794044e-05
24.28,4.9891036948448635e-05
24.29,4.894526576549407e-05
24.3,4.801611305123959e-05
24.31,4.710331232837143e-05
24.32,4.6206595537923396e-05
24.33,4.532570349386928e-05
24.34,4.446038088439507e-05
24.35,4.3610369732216635e-05
24.36,4.277542753632383e-05
24.37,4.193516882352022e-05
24.38,4.114975760467807e-05
24.39,4.035855280645383e-05
24.4,3.9581450992907854e-05
24.41,3.881822479948733e-05
24.42,3.8068642697465975e-05
24.43,3.733248316824182e-05
24.44,3.660952343502882e-05
24.45,3.589954579790754e-05
24.46,3.5202337008992916e-05
24.47,3.45176838504967e-05
24.48,3.384538026221354e-05
24.49,3.31852193281847e-05
24.5,3.2537002151390676e-05
24.51,3.190052624848723e-05
24.52,3.127559916005305e-05
24.53,3.064528346888346e-05
24.54,3.0059615733181453e-05
24.55,2.9468184869097827e-05
24.56,2.8887545057517234e-05
24.57,2.8317519528255577e-05
24.58,2.7757925334690418e-05
24.59,2.7208590729273394e-05
24.6,2.6669338980632767e-05
24.61,2.6140002221600288e-05
24.62,2.5620411598085695e-05
24.63,2.5110401431014205e-05
24.64,2.4609810364277497e-05
24.65,2.411847679213509e-05
24.66,2.3636244567791056e-05
24.67,2.3162956674492025e-05
24.68,2.2698462402649935e-05
24.69,2.2228776372573145e-05
24.7,2.1795250641735655e-05
24.71,2.1356239402354193e-05
24.72,2.0925433981650723e-05
24.73,2.0502691172080745e-05
24.74,2.008787359059096e-05
24.75,1.9680843004189348e-05
24.76,1.9281465906654782e-05
24.77,1.8889608702006424e-05
24.78,1.8505141986374596e-05
24.79,1.812793622298524e-05
24.8,1.7757866247832935e-05
24.81,1.7394806462395162e-05
24.82,1.703863574369627e-05
24.83,1.6689232450597896e-05
24.84,1.634647917775173e-05
24.85,1.5998902429592274e-05
24.86,1.5680456160041342e-05
24.87,1.535695918190314e-05
24.88,1.5039656029184626e-05
24.89,1.4728438165867452e-05
24.9,1.4423197138427279e-05
24.91,1.4123828104928837e-05
24.92,1.3830226002525352e-05
24.93,1.3542289332471593e-05
24.94,1.3259916523609444e-05
24.95,1.2983009147698933e-05
24.96,1.2711469159193787e-05
24.97,1.2445200992248365e-05
24.98,1.2184110149613928e-05
24.99,1.1928103792484593e-05
25.0,1.1677090847563362e-05
25.01,1.1421717073133207e-05
25.02,1.1189686889269878e-05
25.03,1.0953120420068792e-05
25.04,1.0721197447456139e-05
25.05,1.0493832501875992e-05
25.06,1.0270944678080017e-05
25.07,1.0052450777078082e-05
25.08,9.838273047383716e-06
25.09,9.62833057866459e-06
25.1,9.414309958155627e-06
25.11,9.22084836903456e-06
25.12,9.023157737375089e-06
25.13,8.829401136915803e-06
25.14,8.631693275878307e-06
25.15,8.453405987996057e-06
25.16,8.271026189044571e-06
25.17,8.084789988341349e-06
25.18,7.917158110968752e-06
25.19,7.745536651350317e-06
25.2,7.577368436911313e-06
25.21,7.4125912623366455e-06
25.22,7.251140024192265e-06
25.23,7.0929545874285676e-06
25.24,6.937972435839715e-06
25.25,6.786134887554583e-06
25.26,6.630728116054518e-06
25.27,6.491657117086339e-06
25.28,6.3489029038826316e-06
25.29,6.209062691178183e-06
25.3,6.06578095886071e-06
25.31,5.937908565517767e-06
25.32,5.80648733248636e-06
25.33,5.677766449208917e-06
25.34,5.551695043257088e-06
25.35,5.428222774523367e-06
25.36,5.307299899516287e-06
25.37,5.188878450090872e-06
25.38,5.072909831535621e-06
25.39,4.9593480290761615e-06
25.4,4.8481462291121955e-06
25.41,4.739259501623093e-06
25.42,4.627302713133114e-06
25.43,4.528253723454656e-06
25.44,4.4260483063906365e-06
25.45,4.32598426202417e-06
25.46,4.22297075919751e-06
25.47,4.132116498801046e-06
25.48,4.038231912608601e-06
25.49,3.946327709484604e-06
25.5,3.856365029180462e-06
25.51,3.768306451755676e-06
25.52,3.6821142053565984e-06
25.53,3.5977523184226404e-06
25.54,3.515184553646668e-06
25.55,3.4343756228184244e-06
25.56,3.3552914098889856e-06
25.57,3.2778971601840847e-06
25.58,3.202160177118207e-06
25.59,3.128047464720086e-06
25.6,3.055526508973363e-06
25.61,2.984566515071516e-06
25.62,2.911114746942452e-06
25.63,2.8472038613209462e-06
25.64,2.7807413071589893e-06
25.65,2.7157183194745254e-06
25.66,2.652106608785751e-06
25.67,2.589877369856772e-06
25.68,2.5290029846380395e-06
25.69,2.4694564282511717e-06
25.7,2.411210668377603e-06
25.71,2.354239681166049e-06
25.72,2.2985174909246824e-06
25.73,2.2440188585936554e-06
25.74,2.190719119820841e-06
25.75,2.1385936369287707e-06
25.76,2.0876187933964716e-06
25.77,2.037771008625518e-06
25.78,1.9858457061172214e-06
25.79,1.941364610596024e-06
25.8,1.8947614669788294e-06
25.81,1.8491956405992731e-06
25.82,1.8046462536890982e-06
25.83,1.7610918544439948e-06
25.84,1.7185121048345492e-06
25.85,1.6768870953629063e-06
25.86,1.6361966644865047e-06
25.87,1.5964215845588446e-06
25.88,1.5575428881019672e-06
25.89,1.5195417857945384e-06
25.9,1.4824000874843641e-06
25.91,1.446099753570469e-06
25.92,1.4106230861426295e-06
25.93,1.3759530996314627e-06
25.94,1.3395715835610278e-06
25.95,1.3089648757701052e-06
25.96,1.2766140128870895e-06
25.97,1.2450037260620756e-06
25.98,1.2141183603341052e-06
25.99,1.1839427664838042e-06
26.0,1.1544616192262657e-06
26.01,1.1256602264858352e-06
26.02,1.0975242545883855e-06
26.03,1.070039289337239e-06
26.04,1.0431914472939768e-06
26.05,1.0169672645355571e-06
26.06,9.913531030500285e-07
26.07,9.66335946509041e-07
26.08,9.419030851590105e-07
26.09,9.18041697704278e-07
26.1,8.927857041872794e-07
26.11,8.719843918720219e-07
26.12,8.497645370193266e-07
26.13,8.280681933949926e-07
26.14,8.068841253573216e-07
26.15,7.862010562433106e-07
26.16,7.660080065068746e-07
26.17,7.462943566956632e-07
26.18,7.270495070175395e-07
26.19,7.082631272372688e-07
26.2,6.89925250390167e-07
26.21,6.720259322932054e-07
26.22,6.545553943162065e-07
26.23,6.375042163750332e-07
26.24,6.208632018502105e-07
26.25,6.046230509868498e-07
26.26,5.87258377010602e-07
26.27,5.73310135535854e-07
26.28,5.582200397228468e-07
26.29,5.434962656509409e-07
26.3,5.291306649251142e-07
26.31,5.151151550013446e-07
26.32,5.014417721551728e-07
26.33,4.881028963278304e-07
26.34,4.750910242129999e-07
26.35,4.6108716479679647e-07
26.36,4.5001850460950434e-07
26.37,4.379436096553003e-07
26.38,4.2616697048237015e-07
26.39,4.134530640437024e-07
26.4,4.034813197277845e-07
26.41,3.925592111969489e-07
26.42,3.807392525647299e-07
26.43,3.715243336559868e-07
26.44,3.6139927484488234e-07
26.45,3.5152777877198706e-07
26.46,3.4190393064874627e-07
26.47,3.3252204193505524e-07
26.48,3.233765355493955e-07
26.49,3.1446186046260476e-07
26.5,3.0577263593442064e-07
26.51,2.962957233862334e-07
26.52,2.890497803387525e-07
26.53,2.810059090519102e-07
26.54,2.731671335676623e-07
26.55,2.645858744735559e-07
26.56,2.5808578524509387e-07
26.57,2.5083383251360156e-07
26.58,2.437683210580699e-07
26.59,2.368848659813588e-07
26.6,2.30179108058204e-07
26.61,2.2364681724382274e-07
26.62,2.1728385699615117e-07
26.63,2.1108623361356987e-07
26.64,2.0504995787244036e-07
26.65,1.9917114605535837e-07
26.66,1.9344603697855762e-07
26.67,1.8710121811750626e-07
26.68,1.8244224238686217e-07
26.69,1.7715636907655443e-07
26.7,1.7200988090492765e-07
26.71,1.6628058713872292e-07
26.72,1.621216786211359e-07
26.73,1.5737339432089162e-07
26.74,1.5275141484677215e-07
26.75,1.4825267848778716e-07
26.76,1.4387416067033283e-07
26.77,1.396128898672253e-07
26.78,1.3546597808503406e-07
26.79,1.3143062096271814e-07
26.8,1.2750409108052593e-07
26.81,1.236836498478985e-07
26.82,1.1996668123876568e-07
26.83,1.1635061304765182e-07
26.84,1.1283295429132312e-07
26.85,1.0941123455765241e-07
26.86,1.0608304220854071e-07
26.87,1.0230143477251255e-07
26.88,9.969793824863516e-08
26.89,9.663652849553194e-08
26.9,9.365959403093248e-08
26.91,9.076499783312862e-08
26.92,8.795066508605085e-08
26.93,8.521456648816898e-08
26.94,8.255472064631243e-08
26.95,7.996915633900088e-08
26.96,7.745599248834668e-08
26.97,7.50133731012041e-08
26.98,7.263950258172074e-08
26.99,7.033260777336326e-08
27.0,6.809095273437053e-08
27.01,6.591285784290626e-08
27.02,6.379667798947539e-08
27.03,6.133083723460385e-08
27.04,5.974372172669445e-08
27.05,5.780383328524105e-08
27.06,5.591966474245265e-08
27.07,5.4089763582665074e-08
27.08,5.23127160696618e-08
27.09,5.0587131781612146e-08
27.1,4.891164852464677e-08
27.11,4.728494092200954e-08
27.12,4.570572654807638e-08
27.13,4.417274847959502e-08
27.14,4.268478448983882e-08
27.15,4.124062589277266e-08
27.16,3.9839099115852566e-08
27.17,3.847907212955364e-08
27.18,3.715943031795065e-08
27.19,3.557241055408896e-08
27.2,3.463700892830889e-08
27.21,3.343212701959374e-08
27.22,3.226344815831134e-08
27.23,3.1129987418589787e-08
27.24,3.003079439827601e-08
27.25,2.896493664328723e-08
27.26,2.793150268032217e-08
27.27,2.692959789720005e-08
27.28,2.5958358725037593e-08
27.29,2.5016943588927486e-08
27.3,2.4104527573531754e-08
27.31,2.322031742667714e-08
27.32,2.2363526875381517e-08
27.33,2.1533390809704556e-08
27.34,2.0729167570884457e-08
27.35,1.972217684082459e-08
27.36,1.9195585458585684e-08
27.37,1.8464834852558057e-08
27.38,1.7757218756180966e-08
27.39,1.7072076289795627e-08
27.4,1.6408773884245995e-08
27.41,1.576669244228999e-08
27.42,1.5145228298725648e-08
27.43,1.4543795868714155e-08
27.44,1.3961821646335232e-08
27.45,1.3398751169613489e-08
27.46,1.2854036239256207e-08
27.47,1.2327149722113454e-08
27.48,1.1817576277749827e-08
27.49,1.1324815404354609e-08
27.5,1.084837920363338e-08
27.51,1.0219428399959517e-08
27.52,9.942591449837639e-09
27.53,9.512324768936874e-09
27.54,9.09655528737847e-09
27.55,8.694854555694905e-09
27.56,8.306807413903537e-09
27.57,7.932010465575525e-09
27.58,7.570068820281592e-09
27.59,7.220601199528518e-09
27.6,6.741651490302339e-09
27.61,6.557600159027049e-09
27.62,6.243351964633624e-09
27.63,5.940144605656631e-09
27.64,5.516641783352979e-09
27.65,5.365526278843851e-09
27.66,5.093474629952359e-09
27.67,4.707620720954081e-09
27.68,4.578345750078363e-09
27.69,4.3346796307800474e-09
27.7,4.099899419129688e-09
27.71,3.873730938592566e-09
27.72,3.655905676578321e-09
27.73,3.446165337334486e-09
27.74,3.2442554071318746e-09
27.75,3.0499315549285693e-09
27.76,2.7594218858121267e-09
27.77,2.683092821263659e-09
27.78,2.510120961316215e-09
27.79,2.343819278194427e-09
27.8,2.0883307283591335e-09
27.81,2.0303831916716556e-09
27.82,1.88284038782643e-09
27.83,1.7411520244607307e-09
27.84,1.6051286553520023e-09
27.85,1.474586370548408e-09
27.86,1.3493456491495348e-09
27.87,1.2292337927362643e-09
27.88,1.114080727060693e-09
27.89,1.003723558084388e-09
27.9,8.980027375199186e-10
27.91,7.967640201294503e-10
27.92,6.246283938068455e-10
27.93,6.071378049347615e-10
27.94,5.184639141679755e-10
27.95,4.336978486501142e-10
27.96,2.8331971230806305e-10
27.97,2.753630678817649e-10
27.98,2.0153979637601828e-10
27.99,1.3111626009429939e-10
28.0,6.397419746449086e-11
