# Variable_type: age
# Unit: ky
-10.0,0.0
-9.99,0.0
-9.98,0.0
-9.97,0.0
-9.96,0.0
-9.95,0.0
-9.94,0.0
-9.93,0.0
-9.92,0.0
-9.91,0.0
-9.9,0.0
-9.89,0.0
-9.88,0.0
-9.87,0.0
-9.86,0.0
-9.85,0.0
-9.84,0.0
-9.83,0.0
-9.82,0.0
-9.81,0.0
-9.8,0.0
-9.79,0.0
-9.78,0.0
-9.77,0.0
-9.76,0.0
-9.75,0.0
-9.74,0.0
-9.73,0.0
-9.72,0.0
-9.71,0.0
-9.7,0.0
-9.69,0.0
-9.68,0.0
-9.67,0.0
-9.66,0.0
-9.65,0.0
-9.64,0.0
-9.63,0.0
-9.62,0.0
-9.61,0.0
-9.6,0.0
-9.59,0.0
-9.58,0.0
-9.57,0.0
-9.56,0.0
-9.55,0.0
-9.54,0.0
-9.53,0.0
-9.52,0.0
-9.51,0.0
-9.5,0.0
-9.49,0.0
-9.48,0.0
-9.47,0.0
-9.46,0.0
-9.45,0.0
-9.44,0.0
-9.43,0.0
-9.42,0.0
-9.41,0.0
-9.4,0.0
-9.39,0.0
-9.38,0.0
-9.37,0.0
-9.36,0.0
-9.35,0.0
-9.34,0.0
-9.33,0.0
-9.32,0.0
-9.31,0.0
-9.3,0.0
-9.29,0.0
-9.28,0.0
-9.27,0.0
-9.26,0.0
-9.25,0.0
-9.24,0.0
-9.23,0.0
-9.22,0.0
-9.21,0.0
-9.2,0.0
-9.19,0.0
-9.18,0.0
-9.17,0.0
-9.16,0.0
-9.15,0.0
-9.14,0.0
-9.13,0.0
-9.12,0.0
-9.11,0.0
-9.1,0.0
-9.09,0.0
-9.08,0.0
-9.07,0.0
-9.06,0.0
-9.05,0.0
-9.04,0.0
-9.03,0.0
-9.02,0.0
-9.01,0.0
-9.0,0.0
-8.99,0.0
-8.98,0.0
-8.97,0.0
-8.96,0.0
-8.95,0.0
-8.94,0.0
-8.93,0.0
-8.92,0.0
-8.91,0.0
-8.9,0.0
-8.89,0.0
-8.879999999999999,0.0
-8.87,0.0
-8.86,0.0
-8.85,0.0
-8.84,0.0
-8.83,0.0
-8.82,0.0
-8.81,0.0
-8.8,0.0
-8.79,0.0
-8.78,0.0
-8.77,0.0
-8.76,0.0
-8.75,0.0
-8.74,0.0
-8.73,0.0
-8.72,0.0
-8.71,0.0
-8.7,0.0
-8.69,0.0
-8.68,0.0
-8.67,0.0
-8.66,0.0
-8.65,0.0
-8.64,0.0
-8.629999999999999,0.0
-8.62,0.0
-8.61,0.0
-8.6,0.0
-8.59,0.0
-8.58,0.0
-8.57,0.0
-8.56,0.0
-8.55,0.0
-8.54,0.0
-8.53,0.0
-8.52,0.0
-8.51,0.0
-8.5,0.0
-8.49,0.0
-8.48,0.0
-8.47,0.0
-8.46,0.0
-8.45,0.0
-8.44,0.0
-8.43,0.0
-8.42,0.0
-8.41,0.0
-8.4,0.0
-8.39,0.0
-8.379999999999999,0.0
-8.37,0.0
-8.36,0.0
-8.35,0.0
-8.34,0.0
-8.33,0.0
-8.32,0.0
-8.31,0.0
-8.3,0.0
-8.29,0.0
-8.28,0.0
-8.27,0.0
-8.26,0.0
-8.25,0.0
-8.24,0.0
-8.23,0.0
-8.22,0.0
-8.21,0.0
-8.2,0.0
-8.19,0.0
-8.18,0.0
-8.17,0.0
-8.16,0.0
-8.15,0.0
-8.14,0.0
-8.129999999999999,0.0
-8.12,0.0
-8.11,0.0
-8.1,0.0
-8.09,0.0
-8.08,0.0
-8.07,0.0
-8.06,0.0
-8.05,0.0
-8.04,0.0
-8.03,0.0
-8.02,0.0
-8.01,0.0
-8.0,0.0
-7.99,0.0
-7.98,0.0
-7.97,0.0
-7.96,0.0
-7.95,0.0
-7.9399999999999995,0.0
-7.93,0.0
-7.92,0.0
-7.91,0.0
-7.9,0.0
-7.890000000000001,0.0
-7.88,0.0
-7.87,0.0
-7.859999999999999,0.0
-7.85,0.0
-7.84,0.0
-7.83,0.0
-7.82,0.0
-7.8100000000000005,0.0
-7.8,0.0
-7.79,0.0
-7.779999999999999,0.0
-7.77,0.0
-7.76,0.0
-7.75,0.0
-7.74,0.0
-7.73,0.0
-7.72,0.0
-7.71,0.0
-7.699999999999999,0.0
-7.6899999999999995,0.0
-7.68,0.0
-7.67,0.0
-7.66,0.0
-7.65,0.0
-7.640000000000001,0.0
-7.63,0.0
-7.62,0.0
-7.609999999999999,0.0
-7.6,0.0
-7.59,0.0
-7.58,0.0
-7.57,0.0
-7.5600000000000005,0.0
-7.55,0.0
-7.54,0.0
-7.529999999999999,0.0
-7.52,0.0
-7.51,0.0
-7.5,0.0
-7.49,0.0
-7.48,0.0
-7.47,0.0
-7.46,0.0
-7.449999999999999,0.0
-7.4399999999999995,0.0
-7.43,0.0
-7.42,0.0
-7.41,0.0
-7.4,0.0
-7.390000000000001,0.0
-7.38,0.0
-7.37,0.0
-7.359999999999999,0.0
-7.35,0.0
-7.34,0.0
-7.33,0.0
-7.32,0.0
-7.3100000000000005,0.0
-7.3,0.0
-7.29,0.0
-7.279999999999999,0.0
-7.27,0.0
-7.26,0.0
-7.25,0.0
-7.24,0.0
-7.23,0.0
-7.22,0.0
-7.21,0.0
-7.199999999999999,0.0
-7.1899999999999995,0.0
-7.18,0.0
-7.17,0.0
-7.16,0.0
-7.15,0.0
-7.140000000000001,0.0
-7.13,0.0
-7.12,0.0
-7.109999999999999,0.0
-7.1,0.0
-7.09,0.0
-7.08,0.0
-7.07,0.0
-7.0600000000000005,0.0
-7.05,0.0
-7.04,0.0
-7.029999999999999,0.0
-7.02,0.0
-7.01,0.0
-7.0,0.0
-6.99,0.0
-6.98,0.0
-6.97,0.0
-6.96,0.0
-6.949999999999999,0.0
-6.9399999999999995,0.0
-6.93,0.0
-6.92,0.0
-6.91,0.0
-6.9,0.0
-6.890000000000001,0.0
-6.88,0.0
-6.87,0.0
-6.859999999999999,0.0
-6.85,0.0
-6.84,0.0
-6.83,0.0
-6.82,0.0
-6.8100000000000005,0.0
-6.8,0.0
-6.79,0.0
-6.779999999999999,0.0
-6.77,0.0
-6.76,0.0
-6.75,0.0
-6.74,0.0
-6.73,0.0
-6.72,0.0
-6.71,0.0
-6.699999999999999,0.0
-6.6899999999999995,0.0
-6.68,0.0
-6.67,0.0
-6.66,0.0
-6.65,0.0
-6.640000000000001,0.0
-6.63,0.0
-6.62,0.0
-6.609999999999999,0.0
-6.6,0.0
-6.59,0.0
-6.58,0.0
-6.57,0.0
-6.5600000000000005,0.0
-6.55,0.0
-6.54,0.0
-6.529999999999999,0.0
-6.52,0.0
-6.51,0.0
-6.5,0.0
-6.49,0.0
-6.48,0.0
-6.47,0.0
-6.46,0.0
-6.449999999999999,0.0
-6.4399999999999995,0.0
-6.43,0.0
-6.42,0.0
-6.41,0.0
-6.4,0.0
-6.390000000000001,0.0
-6.38,0.0
-6.37,0.0
-6.359999999999999,0.0
-6.35,0.0
-6.34,0.0
-6.33,0.0
-6.32,0.0
-6.3100000000000005,0.0
-6.3,0.0
-6.29,0.0
-6.279999999999999,0.0
-6.27,0.0
-6.26,0.0
-6.25,0.0
-6.24,0.0
-6.23,0.0
-6.22,0.0
-6.21,0.0
-6.199999999999999,0.0
-6.1899999999999995,0.0
-6.18,0.0
-6.17,0.0
-6.16,0.0
-6.15,0.0
-6.140000000000001,0.0
-6.13,0.0
-6.12,0.0
-6.109999999999999,0.0
-6.1,0.0
-6.09,0.0
-6.08,0.0
-6.07,0.0
-6.0600000000000005,0.0
-6.05,0.0
-6.04,0.0
-6.029999999999999,0.0
-6.02,0.0
-6.01,0.0
-6.0,1.791275090995314e-10
-5.99,3.7285703953201884e-10
-5.9799999999999995,5.820425276915589e-10
-5.97,8.075801116940778e-10
-5.96,1.050409975727225e-09
-5.95,1.3115182666321041e-09
-5.9399999999999995,1.5919390852469123e-09
-5.93,1.8927565551206952e-09
-5.92,2.2151069712856167e-09
-5.91,2.560181031858442e-09
-5.9,2.9292261553263606e-09
-5.89,3.323548886458919e-09
-5.88,3.744517393876718e-09
-5.87,4.193564062398655e-09
-5.86,4.672188183383002e-09
-5.85,5.181958746373469e-09
-5.84,5.72451733545966e-09
-5.83,6.3015811338621434e-09
-5.82,6.9149460403555335e-09
-5.81,7.566489901248972e-09
-5.8,8.25817586175169e-09
-5.79,8.992055840662639e-09
-5.78,9.770274132436876e-09
-5.77,1.0595071140798129e-08
-5.76,1.1468787248186361e-08
-5.75,1.2393866825451468e-08
-5.74,1.3372862386329566e-08
-5.7299999999999995,1.4408438891366448e-08
-5.72,1.5503378206084176e-08
-5.71,1.666058371832104e-08
-5.7,1.7883085119812717e-08
-5.6899999999999995,1.9174043357223073e-08
-5.68,2.0536755757977136e-08
-5.67,2.1974661336395874e-08
-5.66,2.3491346285783318e-08
-5.6499999999999995,2.5090549662270406e-08
-5.64,2.6776169266377613e-08
-5.63,2.8552267728419544e-08
-5.62,3.042307880403942e-08
-5.61,3.239301388632955e-08
-5.6,3.446666874116644e-08
-5.59,3.664883047256444e-08
-5.58,3.8944484725032194e-08
-5.57,4.135882313009941e-08
-5.56,4.3897251004369085e-08
-5.55,4.656539530664223e-08
-5.54,4.9369112861857406e-08
-5.53,5.2314498859787656e-08
-5.52,5.540789563664136e-08
-5.51,5.865590174792169e-08
-5.5,6.206538134111258e-08
-5.49,6.564347383697526e-08
-5.4799999999999995,6.939760392846229e-08
-5.47,7.333549190648083e-08
-5.46,7.746516432196847e-08
-5.45,8.179496499397964e-08
-5.4399999999999995,8.633356637372152e-08
-5.43,9.108998127472193e-08
-5.42,9.607357497956289e-08
-5.41,1.0129407773386692e-07
-5.3999999999999995,1.0676159763848338e-07
-5.39,1.124866339510866e-07
-5.38,1.1848009080866731e-07
-5.37,1.2475329138267374e-07
-5.36,1.31317992478839e-07
-5.35,1.3818639959401683e-07
-5.34,1.4537118244263823e-07
-5.33,1.5288549096569836e-07
-5.32,1.6074297183548416e-07
-5.31,1.6895778546956138e-07
-5.3,1.7754462356785084e-07
-5.29,1.8651872718694466e-07
-5.28,1.958959053661356e-07
-5.27,2.0569255431996366e-07
-5.26,2.1592567721242e-07
-5.25,2.2661290452829007e-07
-5.24,2.3777251505746574e-07
-5.2299999999999995,2.494234575084104e-07
-5.22,2.6158537276732026e-07
-5.21,2.742786168198929e-07
-5.2,2.875242843529853e-07
-5.1899999999999995,3.013442330538222e-07
-5.18,3.157611086248019e-07
-5.17,3.3079837053233727e-07
-5.16,3.464803185085678e-07
-5.1499999999999995,3.628321198251826e-07
-5.14,3.798798373590076e-07
-5.13,3.9765045846942284e-07
-5.12,4.1617192470810667e-07
-5.11,4.354731623820286e-07
-5.1,4.5558411399105465e-07
-5.09,4.765357705619709e-07
-5.08,4.983602049011848e-07
-5.07,5.21090605788819e-07
-5.06,5.447613131373824e-07
-5.05,5.6940785413867e-07
-5.04,5.950669804230272e-07
-5.03,6.21776706255598e-07
-5.02,6.495763477946709e-07
-5.01,6.785065634377368e-07
-5.0,7.086093952813822e-07
-4.99,7.39928311721653e-07
-4.9799999999999995,7.725082512220521e-07
-4.97,8.06395667276856e-07
-4.96,8.416385745979819e-07
-4.95,8.782865965541699e-07
-4.9399999999999995,9.163910138918089e-07
-4.93,9.560048147672828e-07
-4.92,9.97182746121286e-07
-4.91,1.039981366426132e-06
-4.8999999999999995,1.084459099837653e-06
-4.89,1.1306762917838855e-06
-4.88,1.1786952660233282e-06
-4.87,1.228580383206161e-06
-4.86,1.2803981009724302e-06
-4.85,1.3342170356218155e-06
-4.84,1.390108025390229e-06
-4.83,1.4481441953691186e-06
-4.82,1.5084010241040029e-06
-4.81,1.570956411909397e-06
-4.8,1.635890750937959e-06
-4.79,1.7032869970423337e-06
-4.78,1.7732307434688559e-06
-4.77,1.8458102964229444e-06
-4.76,1.9211167525466957e-06
-4.75,1.999244078349895e-06
-4.74,2.0802891916363493e-06
-4.7299999999999995,2.164352044968146e-06
-4.72,2.2515357112111776e-06
-4.71,2.341946471205969e-06
-4.7,2.4356939036085744e-06
-4.6899999999999995,2.532890976947067e-06
-4.68,2.633654143939851e-06
-4.67,2.738103438122792e-06
-4.66,2.8463625728329296e-06
-4.6499999999999995,2.9585590425972537e-06
-4.64,3.0748242269758393e-06
-4.63,3.1952934969093753e-06
-4.62,3.3201063236219254e-06
-4.61,3.449406390130515e-06
-4.6,3.5833417054139654e-06
-4.59,3.7220647212941633e-06
-4.58,3.8657324520837695e-06
-4.57,4.014506597055185e-06
-4.56,4.168553665786392e-06
-4.55,4.328045106440116e-06
-4.54,4.493157437033567e-06
-4.53,4.664072379756884e-06
-4.52,4.840976998399174e-06
-4.51,5.024063838941943e-06
-4.5,5.213531073380518e-06
-4.49,5.409582646834923e-06
-4.4799999999999995,5.612428428012499e-06
-4.47,5.822284363085459e-06
-4.46,6.039372633047369e-06
-4.45,6.263921814613453e-06
-4.4399999999999995,6.49616704473045e-06
-4.43,6.736350188762655e-06
-4.42,6.984720012421598e-06
-4.41,7.241532357507722e-06
-4.3999999999999995,7.507050321533286e-06
-4.39,7.781544441296573e-06
-4.38,8.065292880478403e-06
-4.37,8.358581621332754e-06
-4.36,8.661704660544268e-06
-4.35,8.974964209326191e-06
-4.34,9.298670897833263e-06
-4.33,9.633143983964895e-06
-4.32,9.978711566634852e-06
-4.31,1.0335710803584574e-05
-4.3,1.070448813381807e-05
-4.29,1.1085399504737255e-05
-4.28,1.1478810604057443e-05
-4.27,1.1885097096583553e-05
-4.26,1.2304644865928463e-05
-4.25,1.2737850261255824e-05
-4.24,1.3185120349130452e-05
-4.2299999999999995,1.3646873170560324e-05
-4.22,1.4123538003314945e-05
-4.21,1.4615555629605825e-05
-4.2,1.512337860921551e-05
-4.1899999999999995,1.5647471558162504e-05
-4.18,1.6188311432990187e-05
-4.17,1.6746387820768702e-05
-4.16,1.732220323489953e-05
-4.1499999999999995,1.7916273416813186e-05
-4.14,1.85291276436515e-05
-4.13,1.9161309042026333e-05
-4.12,1.9813374907947713e-05
-4.11,2.0485897033014835e-05
-4.1,2.1179462036964246e-05
-4.09,2.189467170667017e-05
-4.08,2.263214334169272e-05
-4.07,2.3392510106470324e-05
-4.06,2.417642138925345e-05
-4.05,2.4984543167877243e-05
-4.04,2.5817558382471493e-05
-4.03,2.6676167315206866e-05
-4.02,2.7561087977176853e-05
-4.01,2.847305650251562e-05
-4.0,2.9412827549852466e-05
-3.99,3.038117471120393e-05
-3.9799999999999995,3.137889092840545e-05
-3.9699999999999998,3.2406788917184606e-05
-3.96,3.3465701598978715e-05
-3.95,3.4556482540599755e-05
-3.9399999999999995,3.5680006401850225e-05
-3.9299999999999997,3.68371693911937e-05
-3.92,3.8028889729584424e-05
-3.91,3.925610812256035e-05
-3.8999999999999995,4.051978824070454e-05
-3.8899999999999997,4.182091720858006e-05
-3.88,4.316050610224354e-05
-3.87,4.453959045544303e-05
-3.8599999999999994,4.595923077460573e-05
-3.8499999999999996,4.742051306272138e-05
-3.84,4.892454935222718e-05
-3.83,5.047247824700022e-05
-3.8200000000000003,5.206546547356296e-05
-3.8099999999999996,5.3704704441608107e-05
-3.8,5.539141681394827e-05
-3.79,5.7126853085996126e-05
-3.7800000000000002,5.8912293174880654e-05
-3.7699999999999996,6.07490470183045e-05
-3.76,6.26384551832476e-05
-3.75,6.458188948462162e-05
-3.74,6.658075361397944e-05
-3.7299999999999995,6.863648377838362e-05
-3.7199999999999998,7.075054934953727e-05
-3.71,7.29244535232799e-05
-3.7,7.515973398955103e-05
-3.6899999999999995,7.745796361292234e-05
-3.6799999999999997,7.98207511238003e-05
-3.67,8.224974182039853e-05
-3.66,8.474661828157961e-05
-3.6499999999999995,8.731310109066498e-05
-3.6399999999999997,8.995094957030955e-05
-3.63,9.266196252853874e-05
-3.62,9.5447979016042e-05
-3.6099999999999994,9.831087909481788e-05
-3.5999999999999996,0.00010125258461826329
-3.59,0.00010427506002279853
-3.58,0.00010738031313111837
-3.5700000000000003,0.00011057039596715837
-3.5599999999999996,0.00011384740558286303
-3.55,0.00011721348489684192
-3.54,0.00012067082354499772
-3.5300000000000002,0.0001242216587432082
-3.5199999999999996,0.00012786827616214236
-3.51,0.0001316130108142897
-3.5,0.00013545824795327792
-3.49,0.00013940642398555447
-3.4799999999999995,0.00014346002739450288
-3.4699999999999998,0.00014762159967706434
-3.46,0.00015189373629293147
-3.45,0.00015627908762637886
-3.4399999999999995,0.00016078035996079337
-3.4299999999999997,0.00016540031646596255
-3.42,0.00017014177819817916
-3.41,0.00017500762511321445
-3.3999999999999995,0.00018000079709221188
-3.3899999999999997,0.00018512429498054858
-3.38,0.00019038118163970923
-3.37,0.00019577458301221347
-3.3599999999999994,0.00020130768919963442
-3.3499999999999996,0.00020698375555374318
-3.34,0.00021280610378080918
-3.33,0.00021877812305908355
-3.3200000000000003,0.00022490327116948816
-3.3099999999999996,0.0002311850756395301
-3.3,0.00023762713490045517
-3.29,0.0002442331194576515
-3.2800000000000002,0.0002510067730743107
-3.2699999999999996,0.0002579519139683454
-3.26,0.0002650724360225641
-3.25,0.0002723723100080919
-3.24,0.00027985558482102795
-3.2299999999999995,0.0002875263887323197
-3.2199999999999998,0.0002953889306508332
-3.21,0.0003034475013995899
-3.2,0.0003117064750051392
-3.1899999999999995,0.00032017031000002467
-3.1799999999999997,0.00032884355073830364
-3.17,0.00033773082872406594
-3.16,0.00034683686395289934
-3.1499999999999995,0.00035616646626623725
-3.1399999999999997,0.00036572453671852113
-3.13,0.00037551606895710397
-3.12,0.00038554615061481127
-3.1099999999999994,0.0003958199647150758
-3.0999999999999996,0.00040634279108954697
-3.09,0.0004171200078080779
-3.08,0.00042815709262097895
-3.0700000000000003,0.00043945962441342326
-3.0599999999999996,0.00045103328467188187
-3.05,0.00046288385896245746
-3.04,0.00047501723842097886
-3.0300000000000002,0.00048743942125471107
-3.0199999999999996,0.0005001565142555277
-3.01,0.0005131747343243825
-3.0,0.0005265004100069129
-2.99,0.0005401399830399951
-2.9799999999999995,0.0005541000099090657
-2.9699999999999998,0.0005683871634160144
-2.96,0.0005830082342574429
-2.95,0.0005979701326130799
-2.9399999999999995,0.0006132798897441267
-2.9299999999999997,0.0006289446596013054
-2.92,0.0006449717204423688
-2.91,0.0006613684764588204
-2.8999999999999995,0.000678142459411588
-2.8899999999999997,0.0006953013302753799
-2.88,0.0007128528808914447
-2.87,0.0007308050356284463
-2.8599999999999994,0.0007491658530511567
-2.8499999999999996,0.0007679435275966513
-2.84,0.000787146391257696
-2.83,0.0008067829152729867
-2.8200000000000003,0.0008268617118239051
-2.8099999999999996,0.0008473915357374392
-2.8,0.0008683812861949027
-2.79,0.0008898400084460819
-2.7800000000000002,0.0009117768955284235
-2.7699999999999996,0.0009342012899908701
-2.76,0.0009571226856219293
-2.75,0.0009805507291815645
-2.74,0.0010044952221364722
-2.7299999999999995,0.0010289661223983025
-2.7199999999999998,0.0010539735460643718
-2.71,0.0010795277691603977
-2.7,0.0011056392293847797
-2.6899999999999995,0.001132318527853934
-2.6799999999999997,0.0011595764308481786
-2.67,0.0011874238715576567
-2.66,0.0012158719518277658
-2.6499999999999995,0.0012449319439035563
-2.6399999999999997,0.0012746152921725448
-2.63,0.0013049336149053754
-2.62,0.001335898705993754
-2.6099999999999994,0.001367522536685062
-2.5999999999999996,0.001399817257313045
-2.59,0.0014327951990239607
-2.58,0.0014664688754975573
-2.5700000000000003,0.0015008509846622347
-2.5599999999999996,0.0015359544104037387
-2.55,0.001571792224266715
-2.54,0.0016083776871484393
-2.5300000000000002,0.0016457242509840331
-2.5199999999999996,0.001683845560422452
-2.51,0.0017227554544925246
-2.5,0.0017624679682583118
-2.49,0.0018029973344630297
-2.4799999999999995,0.0018443579851607826
-2.4699999999999998,0.0018865645533353227
-2.46,0.0019296318745050606
-2.45,0.0019735749883135084
-2.4399999999999995,0.002018409140104357
-2.4299999999999997,0.002064149782480348
-2.42,0.0021108125768451087
-2.41,0.002158413394927085
-2.3999999999999995,0.0022069683202847186
-2.3899999999999997,0.002256493649791976
-2.38,0.002307005895103347
-2.37,0.0023585217840973965
-2.3599999999999994,0.0024110582622979644
-2.3499999999999996,0.002464632494272067
-2.34,0.0025192618650035697
-2.33,0.0025749639812416695
-2.3200000000000003,0.0026317566728232167
-2.3099999999999996,0.0026896579939679013
-2.3,0.0027486862245453022
-2.29,0.0028088598713128096
-2.2800000000000002,0.0028701976691233853
-2.2699999999999996,0.002932718582102153
-2.26,0.0029964418047907595
-2.25,0.0030613867632584765
-2.24,0.0031275731161789612
-2.2299999999999995,0.003195020755871617
-2.2199999999999998,0.003263749809306467
-2.21,0.003333780639071452
-2.2,0.003405133844301026
-2.1899999999999995,0.0034778302615649727
-2.1799999999999997,0.003551890965716287
-2.17,0.003627337270697003
-2.16,0.003704190730300819
-2.1499999999999995,0.0037824731388913834
-2.1399999999999997,0.003862206532075051
-2.13,0.003943413187326978
-2.12,0.004026115624569347
-2.1099999999999994,0.004110336606700551
-2.0999999999999996,0.004196099140074151
-2.09,0.004283426474926396
-2.08,0.004372342105751094
-2.0699999999999994,0.0044628697716206445
-2.0599999999999996,0.00455503345645199
-2.05,0.0046488573892162705
-2.04,0.004744366044090958
-2.0300000000000002,0.00484158414055322
-2.0199999999999996,0.004940536643413284
-2.01,0.0050412487627865665
-2.0,0.005143745954003293
-1.9900000000000002,0.005248053917454381
-1.9800000000000004,0.005354198598372331
-1.9700000000000006,0.005462206186545853
-1.959999999999999,0.00557210311596699
-1.9499999999999993,0.005683916064409459
-1.9399999999999995,0.005797671952936972
-1.9299999999999997,0.005913397945340258
-1.92,0.0060311214475015276
-1.9100000000000001,0.006150870106685117
-1.9000000000000004,0.006272671810753077
-1.8900000000000006,0.0063965546873044135
-1.879999999999999,0.006522547102736735
-1.8699999999999992,0.006650677661229075
-1.8599999999999994,0.006780975203644606
-1.8499999999999996,0.006913468806352034
-1.8399999999999999,0.0070481877799643865
-1.83,0.007185161667994015
-1.8200000000000003,0.007324420245422529
-1.8100000000000005,0.007465993517184464
-1.8000000000000007,0.0076099117165634635
-1.7899999999999991,0.007756205303499752
-1.7799999999999994,0.007904904962807708
-1.7699999999999996,0.008056041602302345
-1.7599999999999998,0.008209646350833504
-1.75,0.008365750556226589
-1.7400000000000002,0.008524385783128696
-1.7300000000000004,0.008685583810758951
-1.7200000000000006,0.008849376630561952
-1.709999999999999,0.009015796443763163
-1.6999999999999993,0.009184875658825158
-1.6899999999999995,0.009356646888803617
-1.6799999999999997,0.00953114294860198
-1.67,0.009708396852123683
-1.6600000000000001,0.00988844180932097
-1.6500000000000004,0.010071311223139166
-1.6400000000000006,0.01025703868635547
-1.629999999999999,0.01044565797831123
-1.6199999999999992,0.010637203061536711
-1.6099999999999994,0.010831708078267428
-1.5999999999999996,0.011029207346851089
-1.5899999999999999,0.011229735358044213
-1.58,0.011433326771197572
-1.5700000000000003,0.011640016410329529
-1.5600000000000005,0.011849839260086481
-1.5500000000000007,0.01206283046158954
-1.5399999999999991,0.012279025308166666
-1.5299999999999994,0.012498459240969505
-1.5199999999999996,0.012721167844474149
-1.5099999999999998,0.012947186841865133
-1.5,0.013176552090301958
-1.4900000000000002,0.01340929957606749
-1.4800000000000004,0.013645465409597622
-1.4700000000000006,0.013885085820391588
-1.459999999999999,0.014128197151802321
-1.4499999999999993,0.014374835855706434
-1.4399999999999995,0.014625038487053193
-1.4299999999999997,0.014878841698292112
-1.42,0.01513628223367869
-1.4100000000000001,0.015397396923457915
-1.4000000000000004,0.015662222677925178
-1.3900000000000006,0.015930796481364244
-1.379999999999999,0.016203155385862058
-1.3699999999999992,0.016479336505000095
-1.3599999999999994,0.016759377007422017
-1.3499999999999996,0.017043314110277586
-1.3399999999999999,0.0173311850725426
-1.33,0.017623027188214797
-1.3200000000000003,0.017918877779385743
-1.3100000000000005,0.018218774189188613
-1.299999999999999,0.018522753774622015
-1.2899999999999991,0.01883085389924988
-1.2799999999999994,0.01914311192577756
-1.2699999999999996,0.01945956520850438
-1.2599999999999998,0.019780251085652793
-1.25,0.020105206871574466
-1.2400000000000002,0.02043446984883363
-1.2300000000000004,0.020768077260168043
-1.2200000000000006,0.021106066300328002
-1.209999999999999,0.02144847410779388
-1.1999999999999993,0.021795337756372723
-1.1899999999999995,0.02214669424667448
-1.1799999999999997,0.022502580497468484
-1.17,0.02286303333692087
-1.1600000000000001,0.02322808949371371
-1.1500000000000004,0.02359778558804657
-1.1400000000000006,0.023972158122521403
-1.129999999999999,0.024351243472911663
-1.1199999999999992,0.024735077878816545
-1.1099999999999994,0.025123697434201446
-1.0999999999999996,0.02551713807782567
-1.0899999999999999,0.0259154355835584
-1.08,0.026318625550584354
-1.0700000000000003,0.026726743393500108
-1.0600000000000005,0.02713982433230257
-1.049999999999999,0.0275579033822708
-1.0399999999999991,0.027981015343742758
-1.0299999999999994,0.028409194791788314
-1.0199999999999996,0.02884247606578009
-1.0099999999999998,0.029280893258863773
-1.0,0.029724480207329478
-0.9900000000000002,0.03017327047988592
-0.9800000000000004,0.030627297366839154
-0.9700000000000006,0.031086593869177646
-0.9599999999999991,0.03155119268756575
-0.9499999999999993,0.03202112621124732
-0.9399999999999995,0.0324964265068616
-0.9299999999999997,0.03297712530717345
-0.9199999999999999,0.03346325399972005
-0.9100000000000001,0.03395484361537625
-0.9000000000000004,0.03445192481684082
-0.8900000000000006,0.03495452788704594
-0.879999999999999,0.03546268271749238
-0.8699999999999992,0.03597641879651261
-0.8599999999999994,0.036495765197464614
-0.8499999999999996,0.037020750566858746
-0.8399999999999999,0.03755140311242034
-0.8300000000000001,0.038087750591090826
-0.8200000000000003,0.038629820296969944
-0.8100000000000005,0.039177639049202025
-0.7999999999999989,0.03973123317980907
-0.7899999999999991,0.04029062852147365
-0.7799999999999994,0.04085585039527455
-0.7699999999999996,0.04142692359837823
-0.7599999999999998,0.042003872391689255
-0.75,0.042586720487462634
-0.7400000000000002,0.04317549103688164
-0.7300000000000004,0.0437702066176041
-0.7200000000000006,0.044370889221280574
-0.7099999999999991,0.04497756024104787
-0.6999999999999993,0.045590240459001154
-0.6899999999999995,0.04620895003364853
-0.6799999999999997,0.046833708487351085
-0.6699999999999999,0.0474645346937526
-0.6600000000000001,0.048101446865202055
-0.6500000000000004,0.0487444625401731
-0.6400000000000006,0.049393598570683823
-0.629999999999999,0.05004887110972102
-0.6199999999999992,0.05071029559867248
-0.6099999999999994,0.05137788675477151
-0.5999999999999996,0.05205165855855738
-0.5899999999999999,0.05273162424135587
-0.5800000000000001,0.053417796272783945
-0.5700000000000003,0.05411018634828246
-0.5600000000000005,0.05480880537668147
-0.5499999999999989,0.055513663467801753
-0.5399999999999991,0.056224769920097235
-0.5299999999999994,0.05694213320834236
-0.5199999999999996,0.05766576097136872
-0.5099999999999998,0.05839565999985531
-0.5,0.05913183622417683
-0.4900000000000002,0.059874294702314326
-0.4800000000000004,0.06062303960783277
-0.47000000000000064,0.06137807421792983
-0.4599999999999991,0.06213940090156061
-0.4499999999999993,0.06290702110764267
-0.4399999999999995,0.063680935353346
-0.4299999999999997,0.06446114321247257
-0.41999999999999993,0.06524764330392988
-0.41000000000000014,0.06604043328030348
-0.40000000000000036,0.06683950981653279
-0.39000000000000057,0.06764486859869509
-0.379999999999999,0.06845650431290227
-0.3699999999999992,0.06927441063431533
-0.35999999999999943,0.07009858021628088
-0.34999999999999964,0.07092900467959481
-0.33999999999999986,0.0717656746018979
-0.33000000000000007,0.07260857950720755
-0.3200000000000003,0.0734577078555913
-0.3100000000000005,0.07431304703298629
-0.29999999999999893,0.07517458334116946
-0.28999999999999915,0.07604230198788382
-0.27999999999999936,0.07691618707712489
-0.2699999999999996,0.07779622159959247
-0.2599999999999998,0.07868238742331271
-0.25,0.07957466528443484
-0.2400000000000002,0.0804730347782076
-0.23000000000000043,0.08137747435013996
-0.22000000000000064,0.0822879612873514
-0.20999999999999908,0.08320447171011547
-0.1999999999999993,0.08412698056360271
-0.1899999999999995,0.08505546160982634
-0.17999999999999972,0.08598988741979632
-0.16999999999999993,0.08693022936588611
-0.16000000000000014,0.08787645761441666
-0.15000000000000036,0.08882854111846261
-0.14000000000000057,0.08978644761088496
-0.129999999999999,0.09075014359759492
-0.11999999999999922,0.0917195943510535
-0.10999999999999943,0.09269476390401131
-0.09999999999999964,0.0936756150434931
-0.08999999999999986,0.09466210930503119
-0.08000000000000007,0.09565420696715261
-0.07000000000000028,0.09665186704612405
-0.0600000000000005,0.09765504729095882
-0.049999999999998934,0.09866370417869018
-0.03999999999999915,0.09967779290991564
-0.02999999999999936,0.10069726740461545
-0.019999999999999574,0.10172208029825026
-0.009999999999999787,0.10275218293814159
0.0,0.10378752538013929
0.009999999999999787,0.10482805638557946
0.019999999999999574,0.10587372341853737
0.02999999999999936,0.10692447264337873
0.040000000000000924,0.10798024892261285
0.05000000000000071,0.10904099581505215
0.0600000000000005,0.11010665557428065
0.07000000000000028,0.11117716914743561
0.08000000000000007,0.11225247617430552
0.08999999999999986,0.11333251498674775
0.09999999999999964,0.1144172226084294
0.10999999999999943,0.11550653475489425
0.120000000000001,0.11660038583395889
0.13000000000000078,0.11769870894644172
0.14000000000000057,0.11880143588722665
0.15000000000000036,0.1199084971466655
0.16000000000000014,0.12101982191232095
0.16999999999999993,0.12213533807105337
0.17999999999999972,0.12325497221145355
0.1899999999999995,0.12437864962662434
0.20000000000000107,0.12550629431731314
0.21000000000000085,0.12663782899539774
0.22000000000000064,0.12777317508772756
0.23000000000000043,0.1289122527403225
0.2400000000000002,0.13005498082293115
0.25,0.13120127693395053
0.2599999999999998,0.1323510574057086
0.2699999999999996,0.13350423731011163
0.27999999999999936,0.13466073046465793
0.2900000000000009,0.13582044943881869
0.3000000000000007,0.13698330556078836
0.3100000000000005,0.13814920892460422
0.3200000000000003,0.13931806839763797
0.33000000000000007,0.14048979162845854
0.33999999999999986,0.14166428505506803
0.34999999999999964,0.14284145391351102
0.35999999999999943,0.14402120224685808
0.370000000000001,0.1452034329145632
0.3800000000000008,0.14638804760219654
0.39000000000000057,0.14757494683155173
0.40000000000000036,0.1487640299711279
0.41000000000000014,0.1499551952469869
0.41999999999999993,0.15114833975398484
0.4299999999999997,0.15234335946737787
0.4399999999999995,0.15354014925480178
0.45000000000000107,0.15473860288862437
0.46000000000000085,0.15593861305867046
0.47000000000000064,0.15714007138531802
0.4800000000000004,0.15834286843296486
0.4900000000000002,0.15954689372386413
0.5,0.16075203575232805
0.5099999999999998,0.16195818199929768
0.5199999999999996,0.16316521894727765
0.5299999999999994,0.16437303209563378
0.5400000000000009,0.1655815059762518
0.5500000000000007,0.16679052416955528
0.5600000000000005,0.16799996932088057
0.5700000000000003,0.16920972315720617
0.5800000000000001,0.1704196665042343
0.5899999999999999,0.17162967930382214
0.5999999999999996,0.17283964063176
0.6099999999999994,0.17404942871589338
0.620000000000001,0.1752589209545858
0.6300000000000008,0.17646799393551996
0.6400000000000006,0.17767652345483279
0.6500000000000004,0.17888438453658212
0.6600000000000001,0.18009145145254035
0.6699999999999999,0.1812975977423124
0.6799999999999997,0.18250269623377346
0.6899999999999995,0.18370661906382207
0.7000000000000011,0.18490923769944592
0.7100000000000009,0.18611042295909486
0.7200000000000006,0.18731004503435636
0.7300000000000004,0.1885079735119308
0.7400000000000002,0.18970407739589962
0.75,0.1908982251302829
0.7599999999999998,0.19209028462188146
0.7699999999999996,0.19328012326339758
0.7799999999999994,0.19446760795682966
0.7900000000000009,0.19565260513713567
0.8000000000000007,0.19683498079615974
0.8100000000000005,0.19801460050681569
0.8200000000000003,0.19919132944752316
0.8300000000000001,0.2003650324268891
0.8399999999999999,0.20153557390862972
0.8499999999999996,0.20270281803672588
0.8599999999999994,0.20386662866080665
0.870000000000001,0.20502686936175443
0.8800000000000008,0.20618340347752454
0.8900000000000006,0.20733609412917373
0.9000000000000004,0.20848480424709045
0.9100000000000001,0.2096293965974204
0.9199999999999999,0.2107697338086796
0.9299999999999997,0.2119056783985497
0.9399999999999995,0.21303709280084696
0.9500000000000011,0.2141638393926582
0.9600000000000009,0.21528578052163674
0.9700000000000006,0.21640277853345083
0.9800000000000004,0.21751469579937668
0.9900000000000002,0.21862139474402936
1.0,0.2197227378732232
1.0099999999999998,0.22081858780195437
1.0199999999999996,0.22190880728249768
1.0299999999999994,0.2229932592326103
1.040000000000001,0.2240718067638328
1.0500000000000007,0.2251443132098819
1.0600000000000005,0.22621064215512499
1.0700000000000003,0.22727065746312866
1.08,0.22832422330527333
1.0899999999999999,0.22937120418942591
1.0999999999999996,0.23041146498866116
1.1099999999999994,0.23144487097002428
1.120000000000001,0.23247128782332604
1.1300000000000008,0.2334905816899615
1.1400000000000006,0.23450261919174445
1.1500000000000004,0.23550726745974818
1.1600000000000001,0.2365043941631452
1.17,0.23749386753803517
1.1799999999999997,0.23847555641625467
1.1899999999999995,0.2394493302541587
1.200000000000001,0.24041505916136477
1.2100000000000009,0.24137261392945222
1.2200000000000006,0.2423218660606068
1.2300000000000004,0.24326268779620214
1.2400000000000002,0.24419495214530904
1.25,0.24511853291312383
1.2599999999999998,0.24603330472930715
1.2699999999999996,0.24693914307622422
1.2799999999999994,0.24783592431707682
1.290000000000001,0.24872352572392042
1.3000000000000007,0.24960182550555415
1.3100000000000005,0.2504707028352788
1.3200000000000003,0.2513300378785101
1.33,0.2521797118202421
1.3399999999999999,0.2530196068923486
1.3499999999999996,0.253849606400716
1.3599999999999994,0.25466959475219886
1.370000000000001,0.2554794574813876
1.3800000000000008,0.256279081277182
1.3900000000000006,0.2570683540091603
1.4000000000000004,0.2578471647537359
1.4100000000000001,0.2586154038200933
1.42,0.2593729627758944
1.4299999999999997,0.2601197344727469
1.4399999999999995,0.2608556130714269
1.450000000000001,0.2615804940668461
1.4600000000000009,0.2622942743127573
1.4700000000000006,0.26299685204618833
1.4800000000000004,0.26368812691159704
1.4900000000000002,0.2643679999847393
1.5,0.26503637379624223
1.5099999999999998,0.26569315235487456
1.5199999999999996,0.2663382411705058
1.5299999999999994,0.26697154727674804
1.540000000000001,0.26759297925327147
1.5500000000000007,0.26820244724778625
1.5600000000000005,0.2687998629976842
1.5700000000000003,0.269385139851332
1.58,0.26995819278900957
1.5899999999999999,0.27051893844348524
1.5999999999999996,0.2710672951202233
1.6099999999999994,0.2716031828172136
1.620000000000001,0.2721265232444192
1.6300000000000008,0.2726372398428349
1.6400000000000006,0.27313525780314873
1.6500000000000004,0.2736205040840022
1.6600000000000001,0.274092907429841
1.67,0.27455239838835177
1.6799999999999997,0.2749989093274779
1.6899999999999995,0.27543237445200863
1.700000000000001,0.27585272981973646
1.7100000000000009,0.2762599133571763
1.7200000000000006,0.27665386487484184
1.7300000000000004,0.27703452608207346
1.7400000000000002,0.277401840601412
1.75,0.2777557539825155
1.7599999999999998,0.2780962137156107
1.7699999999999996,0.27842316924447835
1.7799999999999994,0.2787365719789649
1.790000000000001,0.279036375307018
1.8000000000000007,0.2793225346062412
1.8100000000000005,0.2795950072549624
1.8200000000000003,0.27985375264281565
1.83,0.28009873218082854
1.8399999999999999,0.2803299093110146
1.8499999999999996,0.28054724951546617
1.8599999999999994,0.28075072032494464
1.870000000000001,0.28094029132696524
1.8800000000000008,0.2811159341733738
1.8900000000000006,0.28127762258741235
1.9000000000000004,0.28142533237027084
1.9100000000000001,0.28155904140712434
1.92,0.2816787296726513
1.9299999999999997,0.28178437923603245
1.9399999999999995,0.2818759742654287
1.950000000000001,0.28195350103193517
1.9600000000000009,0.2820169479130113
1.9700000000000006,0.2820663053953855
1.9800000000000004,0.2821015660774324
1.9900000000000002,0.28212272467102384
2.0,0.2821297780028501
2.01,0.28212272467102384
2.0199999999999996,0.2821015660774324
2.030000000000001,0.28206630539538546
2.040000000000001,0.28201694791301124
2.0500000000000007,0.28195350103193517
2.0600000000000005,0.28187597426542865
2.0700000000000003,0.2817843792360324
2.08,0.2816787296726513
2.09,0.28155904140712434
2.0999999999999996,0.2814253323702709
2.1099999999999994,0.28127762258741235
2.120000000000001,0.2811159341733738
2.130000000000001,0.2809402913269652
2.1400000000000006,0.28075072032494464
2.1500000000000004,0.2805472495154661
2.16,0.28032990931101454
2.17,0.28009873218082854
2.1799999999999997,0.27985375264281565
2.1899999999999995,0.2795950072549624
2.200000000000001,0.2793225346062412
2.210000000000001,0.2790363753070181
2.2200000000000006,0.2787365719789649
2.2300000000000004,0.27842316924447835
2.24,0.2780962137156107
2.25,0.2777557539825155
2.26,0.277401840601412
2.2699999999999996,0.2770345260820735
2.280000000000001,0.27665386487484184
2.290000000000001,0.27625991335717637
2.3000000000000007,0.2758527298197364
2.3100000000000005,0.2754323744520086
2.3200000000000003,0.2749989093274779
2.33,0.27455239838835177
2.34,0.27409290742984094
2.3499999999999996,0.2736205040840022
2.3599999999999994,0.2731352578031486
2.370000000000001,0.2726372398428349
2.380000000000001,0.27212652324441927
2.3900000000000006,0.2716031828172136
2.4000000000000004,0.2710672951202234
2.41,0.2705189384434853
2.42,0.26995819278900957
2.4299999999999997,0.269385139851332
2.4399999999999995,0.26879986299768416
2.450000000000001,0.2682024472477862
2.460000000000001,0.26759297925327136
2.4700000000000006,0.266971547276748
2.4800000000000004,0.2663382411705058
2.49,0.2656931523548746
2.5,0.26503637379624234
2.51,0.2643679999847392
2.5199999999999996,0.26368812691159704
2.530000000000001,0.2629968520461884
2.540000000000001,0.26229427431275737
2.5500000000000007,0.2615804940668461
2.5600000000000005,0.26085561307142696
2.5700000000000003,0.26011973447274694
2.58,0.2593729627758944
2.59,0.25861540382009335
2.5999999999999996,0.2578471647537359
2.6099999999999994,0.2570683540091603
2.620000000000001,0.256279081277182
2.630000000000001,0.2554794574813876
2.6400000000000006,0.25466959475219886
2.6500000000000004,0.253849606400716
2.66,0.2530196068923486
2.67,0.2521797118202421
2.6799999999999997,0.2513300378785101
2.6899999999999995,0.2504707028352787
2.700000000000001,0.24960182550555415
2.710000000000001,0.24872352572392029
2.7200000000000006,0.24783592431707682
2.7300000000000004,0.24693914307622417
2.74,0.24603330472930715
2.75,0.24511853291312385
2.76,0.24419495214530912
2.7699999999999996,0.24326268779620214
2.780000000000001,0.24232186606060688
2.790000000000001,0.24137261392945214
2.8000000000000007,0.24041505916136469
2.8100000000000005,0.23944933025415874
2.8200000000000003,0.23847555641625465
2.83,0.23749386753803514
2.84,0.23650439416314523
2.8499999999999996,0.2355072674597482
2.8599999999999994,0.23450261919174442
2.870000000000001,0.23349058168996148
2.880000000000001,0.23247128782332604
2.8900000000000006,0.23144487097002428
2.9000000000000004,0.2304114649886612
2.91,0.22937120418942591
2.92,0.22832422330527333
2.9299999999999997,0.2272706574631286
2.9399999999999995,0.22621064215512504
2.950000000000001,0.22514431320988193
2.960000000000001,0.2240718067638328
2.9700000000000006,0.2229932592326103
2.9800000000000004,0.22190880728249762
2.99,0.22081858780195437
3.0,0.21972273787322316
3.01,0.21862139474402942
3.0199999999999996,0.21751469579937674
3.030000000000001,0.21640277853345083
3.040000000000001,0.21528578052163683
3.0500000000000007,0.21416383939265812
3.0600000000000005,0.21303709280084696
3.0700000000000003,0.21190567839854965
3.08,0.21076973380867953
3.09,0.20962939659742036
3.0999999999999996,0.20848480424709054
3.1099999999999994,0.20733609412917364
3.120000000000001,0.20618340347752454
3.130000000000001,0.20502686936175443
3.1400000000000006,0.20386662866080657
3.1500000000000004,0.20270281803672588
3.16,0.20153557390862972
3.17,0.2003650324268891
3.1799999999999997,0.19919132944752313
3.1899999999999995,0.19801460050681574
3.200000000000001,0.1968349807961597
3.210000000000001,0.1956526051371357
3.2200000000000006,0.19446760795682969
3.2300000000000004,0.19328012326339758
3.24,0.19209028462188146
3.25,0.19089822513028287
3.26,0.18970407739589962
3.2699999999999996,0.1885079735119308
3.280000000000001,0.18731004503435636
3.290000000000001,0.18611042295909486
3.3000000000000007,0.18490923769944595
3.3100000000000005,0.1837066190638221
3.3200000000000003,0.18250269623377352
3.33,0.18129759774231236
3.34,0.1800914514525403
3.3499999999999996,0.17888438453658212
3.3599999999999994,0.17767652345483279
3.370000000000001,0.17646799393551996
3.380000000000001,0.1752589209545859
3.3900000000000006,0.17404942871589338
3.4000000000000004,0.17283964063176
3.41,0.1716296793038221
3.42,0.1704196665042342
3.4299999999999997,0.16920972315720617
3.4399999999999995,0.16799996932088054
3.450000000000001,0.16679052416955523
3.460000000000001,0.1655815059762517
3.4700000000000006,0.1643730320956338
3.4800000000000004,0.16316521894727765
3.49,0.16195818199929768
3.5,0.16075203575232808
3.51,0.1595468937238641
3.5199999999999996,0.15834286843296486
3.530000000000001,0.15714007138531805
3.540000000000001,0.15593861305867046
3.5500000000000007,0.15473860288862437
3.5600000000000005,0.15354014925480178
3.5700000000000003,0.15234335946737787
3.58,0.15114833975398484
3.59,0.1499551952469869
3.5999999999999996,0.1487640299711279
3.6099999999999994,0.14757494683155173
3.620000000000001,0.14638804760219665
3.630000000000001,0.1452034329145632
3.6400000000000006,0.14402120224685802
3.6500000000000004,0.14284145391351102
3.66,0.141664285055068
3.67,0.14048979162845854
3.6799999999999997,0.13931806839763794
3.6899999999999995,0.1381492089246042
3.700000000000001,0.1369833055607883
3.710000000000001,0.13582044943881869
3.7200000000000006,0.13466073046465796
3.7300000000000004,0.13350423731011166
3.74,0.1323510574057086
3.75,0.13120127693395056
3.76,0.13005498082293118
3.7699999999999996,0.1289122527403225
3.780000000000001,0.1277731750877275
3.790000000000001,0.12663782899539777
3.8000000000000007,0.12550629431731314
3.8100000000000005,0.12437864962662434
3.8200000000000003,0.12325497221145354
3.83,0.12213533807105337
3.84,0.12101982191232097
3.8499999999999996,0.11990849714666549
3.8599999999999994,0.11880143588722665
3.870000000000001,0.11769870894644167
3.880000000000001,0.11660038583395889
3.8900000000000006,0.11550653475489422
3.9000000000000004,0.11441722260842943
3.91,0.11333251498674772
3.92,0.11225247617430552
3.9299999999999997,0.11117716914743561
3.9399999999999995,0.11010665557428065
3.950000000000001,0.10904099581505211
3.960000000000001,0.1079802489226128
3.9700000000000006,0.1069244726433787
3.9800000000000004,0.10587372341853737
3.99,0.10482805638557936
4.0,0.10378752538013931
4.01,0.10275218293814159
4.02,0.10172208029825026
4.030000000000001,0.10069726740461545
4.040000000000001,0.09967779290991562
4.050000000000001,0.09866370417869018
4.0600000000000005,0.09765504729095875
4.07,0.0966518670461241
4.08,0.09565420696715267
4.09,0.09466210930503115
4.1,0.0936756150434931
4.109999999999999,0.09269476390401131
4.120000000000001,0.09171959435105353
4.130000000000001,0.09075014359759492
4.140000000000001,0.08978644761088496
4.15,0.08882854111846265
4.16,0.08787645761441665
4.17,0.0869302293658861
4.18,0.08598988741979634
4.1899999999999995,0.08505546160982634
4.200000000000001,0.08412698056360271
4.210000000000001,0.08320447171011547
4.220000000000001,0.08228796128735136
4.23,0.08137747435013996
4.24,0.08047303477820758
4.25,0.07957466528443485
4.26,0.0786823874233127
4.27,0.07779622159959246
4.280000000000001,0.07691618707712486
4.290000000000001,0.07604230198788386
4.300000000000001,0.07517458334116947
4.3100000000000005,0.0743130470329863
4.32,0.07345770785559128
4.33,0.07260857950720753
4.34,0.0717656746018979
4.35,0.07092900467959481
4.359999999999999,0.07009858021628088
4.370000000000001,0.06927441063431533
4.380000000000001,0.0684565043129023
4.390000000000001,0.06764486859869509
4.4,0.06683950981653279
4.41,0.06604043328030348
4.42,0.06524764330392986
4.43,0.06446114321247255
4.4399999999999995,0.063680935353346
4.450000000000001,0.06290702110764265
4.460000000000001,0.06213940090156063
4.470000000000001,0.06137807421792982
4.48,0.060623039607832774
4.49,0.05987429470231434
4.5,0.05913183622417683
4.51,0.05839565999985532
4.52,0.05766576097136872
4.530000000000001,0.05694213320834237
4.540000000000001,0.05622476992009724
4.550000000000001,0.055513663467801753
4.5600000000000005,0.05480880537668147
4.57,0.05411018634828246
4.58,0.05341779627278395
4.59,0.052731624241355864
4.6,0.05205165855855738
4.609999999999999,0.05137788675477153
4.620000000000001,0.05071029559867248
4.630000000000001,0.05004887110972103
4.640000000000001,0.04939359857068382
4.65,0.0487444625401731
4.66,0.04810144686520206
4.67,0.0474645346937526
4.68,0.04683370848735108
4.6899999999999995,0.04620895003364853
4.700000000000001,0.045590240459001154
4.710000000000001,0.04497756024104787
4.720000000000001,0.044370889221280574
4.73,0.04377020661760409
4.74,0.04317549103688164
4.75,0.04258672048746263
4.76,0.042003872391689255
4.77,0.04142692359837823
4.780000000000001,0.04085585039527456
4.790000000000001,0.04029062852147362
4.800000000000001,0.03973123317980906
4.8100000000000005,0.039177639049202025
4.82,0.038629820296969944
4.83,0.03808775059109082
4.84,0.03755140311242035
4.85,0.03702075056685874
4.859999999999999,0.036495765197464614
4.870000000000001,0.03597641879651261
4.880000000000001,0.03546268271749237
4.890000000000001,0.03495452788704594
4.9,0.03445192481684081
4.91,0.03395484361537627
4.92,0.03346325399972005
4.93,0.03297712530717345
4.9399999999999995,0.032496426506861596
4.950000000000001,0.03202112621124733
4.960000000000001,0.03155119268756576
4.970000000000001,0.03108659386917766
4.98,0.030627297366839144
4.99,0.030173270479885928
5.0,0.029724480207329474
5.01,0.029280893258863766
5.02,0.02884247606578009
5.030000000000001,0.02840919479178831
5.040000000000001,0.027981015343742765
5.050000000000001,0.027557903382270803
5.0600000000000005,0.027139824332302585
5.07,0.02672674339350012
5.08,0.026318625550584354
5.09,0.025915435583558393
5.1,0.025517138077825668
5.109999999999999,0.025123697434201456
5.120000000000001,0.024735077878816535
5.130000000000001,0.024351243472911663
5.140000000000001,0.023972158122521414
5.15,0.023597785588046576
5.16,0.023228089493713716
5.17,0.022863033336920868
5.18,0.02250258049746848
5.1899999999999995,0.022146694246674488
5.200000000000001,0.021795337756372723
5.210000000000001,0.02144847410779388
5.220000000000001,0.021106066300328005
5.23,0.020768077260168036
5.24,0.020434469848833625
5.25,0.02010520687157448
5.26,0.019780251085652782
5.27,0.01945956520850438
5.280000000000001,0.01914311192577756
5.290000000000001,0.018830853899249878
5.300000000000001,0.018522753774622015
5.3100000000000005,0.018218774189188616
5.32,0.017918877779385747
5.33,0.017623027188214808
5.34,0.017331185072542592
5.35,0.017043314110277583
5.359999999999999,0.01675937700742202
5.370000000000001,0.01647933650500009
5.380000000000001,0.016203155385862058
5.390000000000001,0.01593079648136425
5.4,0.01566222267792518
5.41,0.015397396923457913
5.42,0.015136282233678688
5.43,0.014878841698292112
5.4399999999999995,0.01462503848705319
5.450000000000001,0.014374835855706432
5.460000000000001,0.014128197151802321
5.470000000000001,0.013885085820391586
5.48,0.013645465409597624
5.49,0.01340929957606749
5.5,0.013176552090301955
5.51,0.012947186841865133
5.52,0.012721167844474149
5.530000000000001,0.012498459240969505
5.540000000000001,0.012279025308166665
5.550000000000001,0.01206283046158954
5.5600000000000005,0.01184983926008648
5.57,0.011640016410329537
5.58,0.01143332677119757
5.59,0.011229735358044222
5.6,0.011029207346851082
5.610000000000001,0.010831708078267423
5.620000000000001,0.010637203061536716
5.630000000000001,0.01044565797831123
5.640000000000001,0.010257038686355472
5.65,0.010071311223139166
5.66,0.009888441809320967
5.67,0.009708396852123685
5.68,0.00953114294860198
5.6899999999999995,0.009356646888803619
5.700000000000001,0.009184875658825158
5.710000000000001,0.009015796443763163
5.720000000000001,0.00884937663056195
5.73,0.008685583810758951
5.74,0.008524385783128696
5.75,0.00836575055622659
5.76,0.0082096463508335
5.77,0.008056041602302343
5.780000000000001,0.007904904962807708
5.790000000000001,0.007756205303499752
5.800000000000001,0.007609911716563465
5.8100000000000005,0.007465993517184464
5.82,0.0073244202454225285
5.83,0.007185161667994015
5.84,0.007048187779964385
5.85,0.006913468806352034
5.860000000000001,0.006780975203644606
5.870000000000001,0.0066506776612290704
5.880000000000001,0.006522547102736735
5.890000000000001,0.0063965546873044135
5.9,0.006272671810753076
5.91,0.006150870106685118
5.92,0.006031121447501525
5.93,0.00591339794534026
5.9399999999999995,0.005797671952936973
5.950000000000001,0.005683916064409459
5.960000000000001,0.00557210311596699
5.970000000000001,0.005462206186545856
5.98,0.00535419859837233
5.99,0.0052480539174543815
6.0,0.005143745954003294
6.010000000000002,0.005041248762786567
6.02,0.004940536643413285
6.030000000000001,0.00484158414055322
6.039999999999999,0.004744366044090958
6.050000000000001,0.0046488573892162705
6.059999999999999,0.004555033456451989
6.07,0.004462869771620644
6.080000000000002,0.004372342105751094
6.09,0.004283426474926397
6.100000000000001,0.004196099140074151
6.109999999999999,0.004110336606700551
6.120000000000001,0.004026115624569346
6.129999999999999,0.003943413187326979
6.140000000000001,0.003862206532075051
6.149999999999999,0.0037824731388913834
6.16,0.0037041907303008194
6.170000000000002,0.003627337270697002
6.18,0.003551890965716287
6.190000000000001,0.0034778302615649736
6.199999999999999,0.0034051338443010257
6.210000000000001,0.0033337806390714513
6.219999999999999,0.0032637498093064676
6.23,0.003195020755871617
6.240000000000002,0.0031275731161789612
6.25,0.003061386763258475
6.260000000000002,0.00299644180479076
6.27,0.0029327185821021525
6.280000000000001,0.0028701976691233857
6.289999999999999,0.0028088598713128096
6.300000000000001,0.0027486862245453022
6.309999999999999,0.002689657993967901
6.32,0.0026317566728232163
6.330000000000002,0.0025749639812416695
6.34,0.00251926186500357
6.350000000000001,0.0024646324942720664
6.359999999999999,0.002411058262297965
6.370000000000001,0.0023585217840973965
6.379999999999999,0.0023070058951033473
6.390000000000001,0.0022564936497919763
6.399999999999999,0.002206968320284718
6.41,0.002158413394927085
6.420000000000002,0.0021108125768451087
6.43,0.002064149782480348
6.440000000000001,0.002018409140104357
6.449999999999999,0.0019735749883135084
6.460000000000001,0.0019296318745050606
6.469999999999999,0.001886564553335323
6.48,0.0018443579851607826
6.490000000000002,0.0018029973344630302
6.5,0.0017624679682583127
6.510000000000002,0.0017227554544925246
6.52,0.0016838455604224517
6.530000000000001,0.0016457242509840327
6.539999999999999,0.0016083776871484393
6.550000000000001,0.0015717922242667144
6.559999999999999,0.0015359544104037392
6.57,0.0015008509846622343
6.580000000000002,0.0014664688754975578
6.59,0.0014327951990239607
6.600000000000001,0.001399817257313045
6.609999999999999,0.001367522536685062
6.620000000000001,0.001335898705993754
6.629999999999999,0.0013049336149053745
6.640000000000001,0.0012746152921725444
6.649999999999999,0.0012449319439035563
6.66,0.001215871951827766
6.670000000000002,0.0011874238715576567
6.68,0.0011595764308481786
6.690000000000001,0.001132318527853934
6.699999999999999,0.0011056392293847799
6.710000000000001,0.0010795277691603977
6.719999999999999,0.0010539735460643718
6.73,0.0010289661223983025
6.740000000000002,0.0010044952221364722
6.75,0.0009805507291815645
6.760000000000002,0.0009571226856219293
6.77,0.0009342012899908701
6.780000000000001,0.0009117768955284239
6.789999999999999,0.0008898400084460819
6.800000000000001,0.0008683812861949027
6.809999999999999,0.0008473915357374392
6.82,0.000826861711823905
6.830000000000002,0.0008067829152729862
6.84,0.0007871463912576961
6.850000000000001,0.000767943527596651
6.859999999999999,0.0007491658530511563
6.870000000000001,0.0007308050356284465
6.879999999999999,0.0007128528808914448
6.890000000000001,0.0006953013302753797
6.899999999999999,0.0006781424594115883
6.91,0.0006613684764588204
6.920000000000002,0.0006449717204423688
6.93,0.0006289446596013056
6.940000000000001,0.0006132798897441265
6.949999999999999,0.0005979701326130799
6.960000000000001,0.000583008234257443
6.969999999999999,0.0005683871634160143
6.98,0.0005541000099090658
6.990000000000002,0.0005401399830399951
7.0,0.0005265004100069129
7.010000000000002,0.0005131747343243825
7.02,0.0005001565142555277
7.030000000000001,0.00048743942125471123
7.039999999999999,0.00047501723842097886
7.050000000000001,0.00046288385896245746
7.059999999999999,0.00045103328467188176
7.07,0.00043945962441342326
7.080000000000002,0.0004281570926209789
7.09,0.0004171200078080779
7.100000000000001,0.000406342791089547
7.109999999999999,0.00039581996471507584
7.120000000000001,0.00038554615061481127
7.129999999999999,0.00037551606895710397
7.140000000000001,0.00036572453671852113
7.150000000000002,0.0003561664662662372
7.16,0.00034683686395289934
7.170000000000002,0.0003377308287240661
7.18,0.0003288435507383038
7.190000000000001,0.0003201703100000246
7.199999999999999,0.00031170647500513914
7.210000000000001,0.00030344750139958985
7.219999999999999,0.0002953889306508332
7.23,0.0002875263887323196
7.240000000000002,0.00027985558482102795
7.25,0.0002723723100080919
7.260000000000002,0.00026507243602256423
7.27,0.0002579519139683455
7.280000000000001,0.0002510067730743107
7.289999999999999,0.00024423311945765157
7.300000000000001,0.00023762713490045517
7.309999999999999,0.0002311850756395301
7.32,0.00022490327116948816
7.330000000000002,0.0002187781230590835
7.34,0.00021280610378080915
7.350000000000001,0.0002069837555537432
7.359999999999999,0.00020130768919963442
7.370000000000001,0.0001957745830122135
7.379999999999999,0.0001903811816397093
7.390000000000001,0.00018512429498054858
7.400000000000002,0.00018000079709221183
7.41,0.00017500762511321445
7.420000000000002,0.00017014177819817916
7.43,0.00016540031646596255
7.440000000000001,0.00016078035996079337
7.449999999999999,0.00015627908762637886
7.460000000000001,0.00015189373629293144
7.469999999999999,0.00014762159967706431
7.48,0.0001434600273945028
7.490000000000002,0.00013940642398555452
7.5,0.0001354582479532779
7.510000000000002,0.0001316130108142897
7.52,0.00012786827616214236
7.530000000000001,0.00012422165874320816
7.539999999999999,0.00012067082354499774
7.550000000000001,0.00011721348489684194
7.559999999999999,0.00011384740558286301
7.57,0.00011057039596715837
7.580000000000002,0.00010738031313111834
7.59,0.00010427506002279853
7.600000000000001,0.00010125258461826329
7.609999999999999,9.831087909481788e-05
7.620000000000001,9.544797901604199e-05
7.629999999999999,9.266196252853874e-05
7.640000000000001,8.995094957030953e-05
7.650000000000002,8.731310109066498e-05
7.66,8.474661828157967e-05
7.670000000000002,8.22497418203985e-05
7.68,7.98207511238003e-05
7.690000000000001,7.745796361292233e-05
7.699999999999999,7.515973398955103e-05
7.710000000000001,7.292445352327992e-05
7.719999999999999,7.075054934953724e-05
7.73,6.863648377838362e-05
7.740000000000002,6.658075361397944e-05
7.75,6.458188948462162e-05
7.760000000000002,6.26384551832476e-05
7.77,6.07490470183045e-05
7.780000000000001,5.8912293174880634e-05
7.789999999999999,5.712685308599612e-05
7.800000000000001,5.539141681394825e-05
7.809999999999999,5.370470444160813e-05
7.82,5.206546547356296e-05
7.830000000000002,5.0472478247000216e-05
7.84,4.892454935222719e-05
7.850000000000001,4.7420513062721394e-05
7.859999999999999,4.5959230774605756e-05
7.870000000000001,4.453959045544304e-05
7.879999999999999,4.316050610224357e-05
7.890000000000001,4.182091720858004e-05
7.900000000000002,4.051978824070455e-05
7.91,3.9256108122560335e-05
7.920000000000002,3.8028889729584424e-05
7.93,3.6837169391193705e-05
7.940000000000001,3.568000640185022e-05
7.949999999999999,3.455648254059975e-05
7.960000000000001,3.346570159897871e-05
7.969999999999999,3.2406788917184606e-05
7.98,3.137889092840545e-05
7.990000000000002,3.038117471120393e-05
8.0,2.9412827549852476e-05
8.010000000000002,2.847305650251563e-05
8.02,2.7561087977176843e-05
8.030000000000001,2.667616731520687e-05
8.04,2.58175583824715e-05
8.05,2.4984543167877243e-05
8.059999999999999,2.417642138925345e-05
8.07,2.3392510106470324e-05
8.080000000000002,2.263214334169272e-05
8.09,2.189467170667017e-05
8.100000000000001,2.1179462036964246e-05
8.11,2.048589703301484e-05
8.120000000000001,1.9813374907947713e-05
8.129999999999999,1.9161309042026333e-05
8.14,1.85291276436515e-05
8.150000000000002,1.7916273416813186e-05
8.16,1.732220323489953e-05
8.170000000000002,1.674638782076871e-05
8.18,1.618831143299018e-05
8.190000000000001,1.5647471558162508e-05
8.2,1.5123378609215511e-05
8.21,1.4615555629605824e-05
8.219999999999999,1.4123538003314943e-05
8.23,1.364687317056032e-05
8.240000000000002,1.3185120349130452e-05
8.25,1.2737850261255822e-05
8.260000000000002,1.230464486592847e-05
8.27,1.1885097096583553e-05
8.280000000000001,1.1478810604057443e-05
8.29,1.1085399504737255e-05
8.3,1.0704488133818068e-05
8.309999999999999,1.0335710803584574e-05
8.32,9.978711566634848e-06
8.330000000000002,9.633143983964893e-06
8.34,9.298670897833265e-06
8.350000000000001,8.974964209326191e-06
8.36,8.66170466054427e-06
8.370000000000001,8.358581621332754e-06
8.379999999999999,8.065292880478403e-06
8.39,7.781544441296575e-06
8.400000000000002,7.507050321533286e-06
8.41,7.241532357507722e-06
8.420000000000002,6.9847200124215975e-06
8.43,6.736350188762655e-06
8.440000000000001,6.49616704473045e-06
8.45,6.263921814613452e-06
8.46,6.039372633047369e-06
8.469999999999999,5.82228436308546e-06
8.48,5.612428428012501e-06
8.490000000000002,5.409582646834921e-06
8.5,5.213531073380522e-06
8.510000000000002,5.0240638389419415e-06
8.52,4.840976998399175e-06
8.530000000000001,4.664072379756885e-06
8.54,4.493157437033568e-06
8.55,4.328045106440114e-06
8.559999999999999,4.168553665786394e-06
8.57,4.014506597055184e-06
8.580000000000002,3.86573245208377e-06
8.59,3.7220647212941633e-06
8.600000000000001,3.5833417054139654e-06
8.61,3.449406390130515e-06
8.620000000000001,3.320106323621926e-06
8.629999999999999,3.1952934969093753e-06
8.64,3.07482422697584e-06
8.650000000000002,2.9585590425972554e-06
8.66,2.846362572832929e-06
8.670000000000002,2.738103438122792e-06
8.68,2.6336541439398505e-06
8.690000000000001,2.5328909769470673e-06
8.7,2.4356939036085744e-06
8.71,2.341946471205969e-06
8.719999999999999,2.251535711211178e-06
8.73,2.164352044968146e-06
8.740000000000002,2.0802891916363497e-06
8.75,1.999244078349895e-06
8.760000000000002,1.9211167525466957e-06
8.77,1.8458102964229448e-06
8.780000000000001,1.7732307434688567e-06
8.79,1.7032869970423339e-06
8.8,1.635890750937959e-06
8.809999999999999,1.570956411909398e-06
8.82,1.5084010241040033e-06
8.830000000000002,1.4481441953691184e-06
8.84,1.3901080253902292e-06
8.850000000000001,1.3342170356218153e-06
8.86,1.2803981009724302e-06
8.870000000000001,1.228580383206161e-06
8.879999999999999,1.1786952660233286e-06
8.89,1.1306762917838857e-06
8.900000000000002,1.0844590998376535e-06
8.91,1.039981366426132e-06
8.920000000000002,9.971827461212858e-07
8.93,9.560048147672828e-07
8.940000000000001,9.163910138918089e-07
8.95,8.782865965541701e-07
8.96,8.41638574597982e-07
8.969999999999999,8.063956672768561e-07
8.98,7.725082512220518e-07
8.990000000000002,7.399283117216531e-07
9.0,7.086093952813823e-07
9.010000000000002,6.785065634377369e-07
9.02,6.495763477946711e-07
9.030000000000001,6.21776706255598e-07
9.04,5.950669804230272e-07
9.05,5.6940785413867e-07
9.059999999999999,5.447613131373824e-07
9.07,5.210906057888189e-07
9.080000000000002,4.983602049011851e-07
9.09,4.76535770561971e-07
9.100000000000001,4.555841139910546e-07
9.11,4.354731623820287e-07
9.120000000000001,4.161719247081064e-07
9.129999999999999,3.97650458469423e-07
9.14,3.7987983735900753e-07
9.150000000000002,3.6283211982518255e-07
9.16,3.464803185085678e-07
9.170000000000002,3.307983705323373e-07
9.18,3.15761108624802e-07
9.190000000000001,3.013442330538222e-07
9.2,2.875242843529853e-07
9.21,2.742786168198929e-07
9.219999999999999,2.6158537276732026e-07
9.23,2.494234575084104e-07
9.240000000000002,2.3777251505746571e-07
9.25,2.2661290452829002e-07
9.260000000000002,2.1592567721241992e-07
9.27,2.0569255431996364e-07
9.280000000000001,1.9589590536613557e-07
9.29,1.8651872718694466e-07
9.3,1.775446235678508e-07
9.309999999999999,1.6895778546956133e-07
9.32,1.6074297183548416e-07
9.330000000000002,1.528854909656983e-07
9.34,1.4537118244263823e-07
9.350000000000001,1.3818639959401683e-07
9.36,1.31317992478839e-07
9.370000000000001,1.2475329138267374e-07
9.379999999999999,1.184800908086673e-07
9.39,1.1248663395108662e-07
9.400000000000002,1.0676159763848334e-07
9.41,1.0129407773386692e-07
9.420000000000002,9.607357497956289e-08
9.43,9.108998127472194e-08
9.440000000000001,8.633356637372152e-08
9.45,8.179496499397965e-08
9.46,7.746516432196844e-08
9.469999999999999,7.333549190648081e-08
9.48,6.939760392846229e-08
9.490000000000002,6.564347383697527e-08
9.5,6.206538134111261e-08
9.510000000000002,5.8655901747921686e-08
9.52,5.540789563664134e-08
9.530000000000001,5.231449885978766e-08
9.54,4.93691128618574e-08
9.55,4.656539530664222e-08
9.559999999999999,4.3897251004369085e-08
9.57,4.1358823130099397e-08
9.580000000000002,3.8944484725032194e-08
9.59,3.664883047256443e-08
9.600000000000001,3.446666874116644e-08
9.61,3.239301388632955e-08
9.620000000000001,3.0423078804039407e-08
9.629999999999999,2.8552267728419544e-08
9.64,2.6776169266377613e-08
9.650000000000002,2.5090549662270406e-08
9.66,2.3491346285783318e-08
9.670000000000002,2.1974661336395874e-08
9.68,2.0536755757977142e-08
9.690000000000001,1.9174043357223073e-08
9.7,1.788308511981271e-08
9.71,1.666058371832104e-08
9.719999999999999,1.5503378206084176e-08
9.73,1.4408438891366448e-08
9.740000000000002,1.3372862386329567e-08
9.75,1.2393866825451466e-08
9.760000000000002,1.1468787248186358e-08
9.77,1.0595071140798129e-08
9.780000000000001,9.770274132436876e-09
9.79,8.992055840662639e-09
9.8,8.258175861751686e-09
9.809999999999999,7.566489901248972e-09
9.82,6.914946040355533e-09
9.830000000000002,6.3015811338621434e-09
9.84,5.72451733545966e-09
9.850000000000001,5.181958746373468e-09
9.86,4.672188183383002e-09
9.870000000000001,4.193564062398655e-09
9.879999999999999,3.744517393876717e-09
9.89,3.3235488864589184e-09
9.900000000000002,2.9292261553263606e-09
9.91,2.560181031858442e-09
9.920000000000002,2.2151069712856167e-09
9.93,1.8927565551206952e-09
9.940000000000001,1.5919390852469123e-09
9.95,1.3115182666321033e-09
9.96,1.0504099757272234e-09
9.969999999999999,8.075801116940772e-10
9.98,5.82042527691559e-10
9.990000000000002,3.7285703953201873e-10
10.0,1.791275090995314e-10
